4.677778e+03 
1.379159e+04 
1.846937e+04 
3.139079e+04 
4.518239e+04 
4.986016e+04 
5.897398e+04 
6.365176e+04 
7.657318e+04 
9.036477e+04 
9.504255e+04 
1.041564e+05 
1.088341e+05 
1.217556e+05 
1.355472e+05 
1.402249e+05 
1.493387e+05 
1.540165e+05 
1.669379e+05 
1.807295e+05 
1.854073e+05 
1.945211e+05 
1.991989e+05 
2.121203e+05 
2.259119e+05 
2.305897e+05 
2.397035e+05 
2.443813e+05 
2.573027e+05 
2.710943e+05 
2.757721e+05 
2.848859e+05 
2.895637e+05 
3.024851e+05 
3.162767e+05 
3.209545e+05 
3.300683e+05 
3.347461e+05 
3.476675e+05 
3.614591e+05 
3.661369e+05 
3.752507e+05 
3.799285e+05 
3.928499e+05 
4.066415e+05 
4.113192e+05 
4.204331e+05 
4.251108e+05 
4.380323e+05 
4.518239e+05 
4.565016e+05 
4.656154e+05 
4.702932e+05 
4.832146e+05 
4.970062e+05 
5.016840e+05 
5.107978e+05 
5.154756e+05 
5.283970e+05 
5.421886e+05 
5.468664e+05 
5.559802e+05 
5.606580e+05 
5.735794e+05 
5.873710e+05 
5.920488e+05 
6.011626e+05 
6.058404e+05 
6.187618e+05 
6.325534e+05 
6.372312e+05 
6.510228e+05 
6.639442e+05 
6.777358e+05 
6.824136e+05 
6.962052e+05 
7.091266e+05 
7.229182e+05 
7.275959e+05 
7.413875e+05 
7.543090e+05 
7.681006e+05 
7.727783e+05 
7.865699e+05 
7.994913e+05 
8.132829e+05 
8.179607e+05 
8.317523e+05 
8.446737e+05 
8.584653e+05 
8.631431e+05 
8.769347e+05 
8.898561e+05 
9.036477e+05 
9.083255e+05 
9.221171e+05 
9.350385e+05 
9.488301e+05 
9.535079e+05 
9.672995e+05 
9.802209e+05 
9.940125e+05 
9.986903e+05 
