                0                 5                 2 
        0.0192354           5.02364          0.456768 
        0.0384708           5.01755          -1.08917 
         0.057708           4.98178           -2.6288 
        0.0769451           4.91651          -4.15287 
        0.0961746            4.8222          -5.65177 
         0.115404           4.69937          -7.11725 
         0.134692           4.54825          -8.54486 
         0.153979           4.37008          -9.92164 
         0.173393           4.16448          -11.2479 
         0.192808           3.93377          -12.5063 
         0.212427           3.67655          -13.7014 
         0.232047            3.3967          -14.8121 
         0.251966           3.09118          -15.8466 
         0.271886           2.76605          -16.7804 
         0.292232           2.41586          -17.6244 
         0.312578           2.04967          -18.3516 
         0.333537            1.6583          -18.9737 
         0.354495           1.25528          -19.4625 
         0.376383          0.825035           -19.827 
          0.39827          0.388467          -20.0396 
         0.421776        -0.0836159           -20.097 
         0.445283          -0.55496          -19.9768 
         0.468727          -1.02017          -19.6812 
         0.492171          -1.47641          -19.2126 
         0.515629          -1.91995          -18.5747 
         0.539087          -2.34659          -17.7735 
         0.561928          -2.74221          -16.8429 
          0.58477          -3.11496          -15.7719 
         0.606173           -3.4407          -14.6487 
         0.627575          -3.74124          -13.4183 
          0.64814          -4.00422          -12.1433 
         0.668706          -4.24013          -10.7861 
         0.688745          -4.44243          -9.39343 
         0.708785          -4.61621           -7.9404 
         0.728473          -4.75807          -6.46312 
         0.748162          -4.87044          -4.94579 
         0.767615          -4.95182          -3.41639 
         0.787069          -5.00323          -1.86632 
         0.806376          -5.02431         -0.316696 
         0.825684          -5.01545           1.23481 
         0.844919          -4.97688           2.77323 
         0.864155          -4.90886           4.29523 
         0.883385          -4.81183           5.79146 
         0.902616          -4.68633           7.25343 
         0.921908           -4.5326           8.67694 
           0.9412          -4.35188           10.0488 
         0.960622          -4.14378           11.3695 
         0.980044          -3.91068           12.6216 
         0.999675           -3.6511           13.8098 
          1.01931          -3.36903           14.9129 
          1.03924          -3.06132            15.939 
          1.05918          -2.73416           16.8639 
          1.07955          -2.38195            17.698 
          1.09992          -2.01394           18.4148 
          1.12091           -1.6207           19.0256 
          1.14191          -1.21605           19.5023 
          1.16385         -0.783969           19.8536 
          1.18579         -0.345855           20.0521 
          1.20933          0.126848           20.0933 
          1.23286          0.598428           19.9567 
           1.2563           1.06294           19.6449 
          1.27974           1.51811           19.1605 
           1.3032            1.9603           18.5072 
          1.32667           2.38525           17.6909 
          1.34942           2.77734           16.7506 
          1.37217           3.14644           15.6716 
          1.39352           3.46921           14.5408 
          1.41488           3.76668           13.3039 
          1.43541           4.02688           12.0228 
          1.45595           4.25992           10.6606 
          1.47597           4.45947           9.26336 
          1.49599           4.63044            7.8067 
          1.51567           4.76955           6.32635 
          1.53534           4.87913           4.80684 
          1.55479           4.95775           3.27583 
          1.57423            5.0064           1.72502 
          1.59353           5.02475          0.175224 
          1.61284           5.01316          -1.37561 
          1.63207           4.97189          -2.91277 
           1.6513           4.90122          -4.43271 
          1.67054           4.80156          -5.92628 
          1.68977           4.67349           -7.3848 
          1.70906           4.51722          -8.80427 
          1.72836           4.33405          -10.1713 
          1.74779           4.12354          -11.4866 
          1.76722           3.88813          -12.7326 
          1.78686           3.62629           -13.914 
          1.80651           3.34207          -15.0096 
          1.82646           3.03226          -16.0277 
          1.84641           2.70314          -16.9437 
          1.86681           2.34899          -17.7684 
           1.8872           1.97922          -18.4749 
          1.90823           1.58418          -19.0747 
          1.92926           1.17795          -19.5397 
          1.95126          0.744096          -19.8782 
          1.97325          0.304486          -20.0628 
          1.99678         -0.168159          -20.0885 
          2.02031         -0.639316          -19.9364 
          2.04375          -1.10314          -19.6094 
          2.06719          -1.55727          -19.1102 
          2.09065          -1.99818          -18.4422 
          2.11412           -2.4215           -17.612 
          2.13679           -2.8103          -16.6624 
          2.15946            -3.176          -15.5759 
          2.18077          -3.49596          -14.4379 
          2.20208          -3.79054           -13.195 
          2.22259           -4.0481          -11.9082 
          2.24309          -4.27844          -10.5413 
           2.2631          -4.47538          -9.13977 
           2.2831          -4.64369          -7.67975 
          2.30276          -4.78019          -6.19654 
          2.32243          -4.88713          -4.67503 
          2.34186          -4.96314          -3.14256 
           2.3613          -5.00917           -1.5911 
           2.3806          -5.02493        -0.0412051 
           2.3999          -5.01076           1.50893 
          2.41913          -4.96695           3.04485 
          2.43836          -4.89375           4.56276 
           2.4576          -4.79161           6.05376 
          2.47683          -4.66111           7.50894 
          2.49613          -4.50245           8.92454 
          2.51543          -4.31696            10.287 
          2.53487          -4.10417           11.5971 
           2.5543          -3.86658           12.8372 
          2.57396          -3.60259           14.0122 
          2.59361          -3.31635           15.1006 
          2.61358          -3.00455            16.111 
          2.63355          -2.67359           17.0185 
          2.65397           -2.3176           17.8342 
          2.67438          -1.94617            18.531 
          2.69545          -1.54944           19.1204 
          2.71651          -1.14171           19.5741 
          2.73856         -0.706176           19.9003 
          2.76061         -0.265147           20.0718 
          2.78413          0.207418           20.0826 
          2.80765          0.678149           19.9159 
          2.83109           1.14129           19.5745 
          2.85453           1.59442           19.0611 
            2.878           2.03408           18.3793 
          2.90147           2.45583           17.5358 
          2.92407           2.84152           16.5775 
          2.94666           3.20401           15.4838 
          2.96793           3.52131            14.339 
          2.98919           3.81314           13.0904 
          3.00968           4.06818           11.7982 
          3.03016           4.29593           10.4269 
          3.05015           4.49038            9.0213 
          3.07013           4.65615           7.55811 
          3.08978           4.79015           6.07224 
          3.10944           4.89456           4.54886 
          3.12887           4.96808           3.01504 
           3.1483           5.01161           1.46302 
          3.16759           5.02489        -0.0869114 
          3.18688           5.00826          -1.63633 
          3.20612           4.96201            -3.171 
          3.22535           4.88641          -4.68692 
          3.24458            4.7819          -6.17541 
          3.26382           4.64908          -7.62735 
          3.28312           4.48813          -9.03919 
          3.30243           4.30043          -10.3971 
          3.32187           4.08546          -11.7023 
          3.34132           3.84579          -12.9367 
          3.36098           3.57976          -14.1055 
          3.38065            3.2916           -15.187 
          3.40063            2.9779          -16.1899 
          3.42062           2.64518          -17.0894 
          3.44105           2.28745          -17.8964 
          3.46149           1.91444          -18.5838 
          3.48259           1.51609          -19.1631 
          3.50368           1.10694           -19.606 
          3.52579          0.669788          -19.9204 
          3.54789          0.227401          -20.0792 
          3.57141         -0.245064          -20.0758 
          3.59492         -0.715362           -19.895 
          3.61836          -1.17784          -19.5398 
           3.6418          -1.62996          -19.0129 
          3.66527          -2.06841          -18.3179 
          3.68874          -2.48863          -17.4616 
          3.71127          -2.87136           -16.495 
           3.7338           -3.2308          -15.3945 
          3.75502          -3.54553          -14.2431 
          3.77625          -3.83473          -12.9891 
          3.79671          -4.08735          -11.6918 
          3.81717          -4.31261          -10.3161 
          3.83714          -4.50465          -8.90676 
          3.85711          -4.66796          -7.44057 
          3.87675          -4.79955          -5.95218 
          3.89639          -4.90154          -4.42706 
          3.91581          -4.97265            -2.892 
          3.93524          -5.01377          -1.33948 
          3.95453          -5.02466          0.210438 
          3.97382          -5.00566           1.75911 
          3.99305          -4.95706           3.29253 
          4.01228          -4.87915           4.80648 
          4.03151          -4.77235            6.2925 
          4.05075           -4.6373           7.74127 
          4.07006          -4.47415           9.14943 
          4.08937          -4.28432            10.503 
          4.10882          -4.06726           11.8033 
          4.12827          -3.82559           13.0322 
          4.14795          -3.55759           14.1949 
          4.16762          -3.26757           15.2698 
          4.18762          -2.95205           16.2655 
          4.20762          -2.61765           17.1571 
          4.22808          -2.25824           17.9557 
          4.24854          -1.88372            18.634 
          4.26967           -1.4838           19.2035 
          4.29079          -1.07329           19.6359 
          4.31295         -0.634575           19.9388 
          4.33511         -0.190875           20.0852 
          4.35862          0.281471           20.0682 
          4.38213           0.75133           19.8738 
          4.40556           1.21313           19.5052 
            4.429           1.66428           18.9653 
          4.45248           2.10152           18.2575 
          4.47595           2.52025           17.3889 
          4.49842           2.90014           16.4142 
          4.52088           3.25663           15.3072 
          4.54207           3.56889           14.1495 
          4.56325           3.85553           12.8902 
          4.58369           4.10579           11.5879 
          4.60413           4.32863           10.2082 
          4.62408           4.51833           8.79514 
          4.64404           4.67927           7.32609 
          4.66367           4.80852           5.83529 
           4.6833           4.90813           4.30853 
          4.70271           4.97691            2.7723 
          4.72213           5.01568           1.21935 
          4.74142           5.02426         -0.330512 
           4.7607           5.00295          -1.87841 
          4.77993           4.95207          -3.41057 
          4.79916           4.87191          -4.92256 
           4.8184           4.76289          -6.40613 
          4.83764           4.62567          -7.85178 
          4.85695           4.46039          -9.25631 
          4.87626           4.26849          -10.6056 
          4.89572            4.0494          -11.9012 
          4.91518           3.80579          -13.1246 
          4.93487           3.53589          -14.2814 
          4.95455           3.24408          -15.3498 
          4.97457           2.92679          -16.3384 
          4.99458           2.59075          -17.2223 
          5.01507           2.22972          -18.0126 
          5.03555           1.85373           -18.682 
           5.0567            1.4523           -19.242 
          5.07786           1.04047          -19.6641 
          5.10007          0.600224          -19.9558 
          5.12228          0.155244          -20.0902 
          5.14579         -0.316965          -20.0597 
          5.16929         -0.786375          -19.8521 
          5.19273           -1.2475          -19.4705 
          5.21616          -1.69767          -18.9179 
          5.23964          -2.13373          -18.1977 
          5.26312          -2.55097          -17.3171 
          5.28552           -2.9281          -16.3346 
          5.30792          -3.28175          -15.2211 
          5.32907          -3.59159          -14.0573 
          5.35023          -3.87573          -12.7929 
          5.37064          -4.12369          -11.4858 
          5.39105          -4.34416          -10.1021 
          5.41099          -4.53157          -8.68552 
          5.43093          -4.69017          -7.21369 
          5.45055          -4.81712          -5.72059 
          5.47018          -4.91442          -4.19226 
          5.48959          -4.98091          -2.65493 
            5.509          -5.01739          -1.10161 
          5.52828          -5.02369          0.448146 
          5.54756          -5.00012           1.99524 
          5.56679          -4.94701           3.52612 
          5.58602          -4.86465           5.03615 
          5.60526          -4.75345           6.51727 
           5.6245          -4.61412           7.95981 
          5.64381          -4.44674           9.36076 
          5.66313          -4.25283           10.7058 
           5.6826          -4.03176           11.9966 
          5.70206          -3.78625           13.2147 
          5.72176          -3.51449           14.3657 
          5.74146          -3.22092           15.4276 
          5.76149          -2.90191           16.4092 
          5.78152          -2.56428           17.2856 
          5.80202          -2.20165           18.0677 
          5.82252          -1.82423           18.7285 
          5.84371          -1.42132           19.2789 
           5.8649           -1.0082            19.691 
          5.88716         -0.566451           19.9716 
          5.90942         -0.120214            20.094 
          5.93292          0.351841           20.0504 
          5.95642           0.82079           19.8298 
          5.97986           1.28123           19.4354 
          6.00329           1.73043           18.8703 
          6.02678           2.16529           18.1379 
          6.05026           2.58107           17.2456 
           6.0726            2.9555           16.2555 
          6.09494           3.30636           15.1357 
          6.11606           3.61382           13.9659 
          6.13717           3.89551           12.6965 
          6.15757           4.14118           11.3846 
          6.17796           4.35932           9.99709 
          6.19789           4.54446           8.57704 
          6.21781           4.70076           7.10253 
          6.23742           4.82545           5.60718 
          6.25703           4.92046           4.07735 
          6.27644           4.98469           2.53899 
          6.29584            5.0189          0.985346 
          6.31512           5.02296          -0.56427 
           6.3344           4.99716          -2.11053 
          6.35363           4.94185           -3.6401 
          6.37286           4.85732          -5.14815 
           6.3921           4.74398          -6.62681 
          6.41134           4.60255          -8.06624 
          6.43066           4.43312          -9.46359 
          6.44998           4.23721          -10.8045 
          6.46946           4.01418          -12.0905 
          6.48893           3.76681          -13.3033 
          6.50864           3.49321          -14.4485 
          6.52834           3.19792           -15.504 
          6.54839           2.87721          -16.4787 
          6.56843           2.53801          -17.3475 
          6.58896           2.17383          -18.1216 
          6.60948             1.795          -18.7736 
           6.6307           1.39062          -19.3147 
          6.65192          0.976236          -19.7168 
          6.67423          0.532995          -19.9864 
          6.69655          0.085512          -20.0968 
          6.72004         -0.386371          -20.0402 
          6.74354         -0.854843          -19.8068 
          6.76697          -1.31459          -19.3997 
          6.79041           -1.7628          -18.8223 
           6.8139          -2.19647          -18.0778 
          6.83739          -2.61076          -17.1739 
          6.85967          -2.98254          -16.1762 
          6.88195          -3.33065          -15.0502 
          6.90303          -3.63575          -13.8745 
          6.92411            -3.915          -12.6002 
          6.94449          -4.15841          -11.2837 
          6.96486          -4.37423          -9.89233 
          6.98477          -4.55712          -8.46889 
          7.00468          -4.71113          -6.99175 
          7.02428          -4.83356          -5.49423 
          7.04388           -4.9263          -3.96294 
          7.06328          -4.98827           -2.4236 
          7.08268          -5.02023          -0.86967 
          7.10196          -5.02206          0.679758 
          7.12123          -4.99405           2.22515 
          7.14046          -4.93655           3.75337 
          7.15969          -4.84986            5.2594 
          7.17893           -4.7344           6.73557 
          7.19817          -4.59089           8.17186 
           7.2175          -4.41941           9.56561 
          7.23683          -4.22153           10.9022 
          7.25631          -3.99656           12.1836 
          7.27579          -3.74734            13.391 
           7.2955          -3.47192           14.5304 
          7.31522          -3.17492           15.5794 
          7.33528          -2.85252           16.5472 
          7.35534          -2.51177           17.4085 
          7.37589          -2.14603           18.1745 
          7.39643          -1.76581           18.8178 
          7.41768          -1.35998           19.3496 
          7.43894         -0.944336           19.7416 
           7.4613         -0.499605           20.0002 
          7.48367        -0.0508781           20.0987 
          7.50716          0.420814           20.0291 
          7.53065          0.888792           19.7828 
          7.55409           1.34783           19.3632 
          7.57752           1.79503           18.7735 
          7.60102           2.22749            18.017 
          7.62451           2.64029           17.1015 
          7.64673           3.00943           16.0964 
          7.66896           3.35481           14.9641 
          7.69001           3.65755           13.7825 
          7.71106           3.93437           12.5033 
          7.73141           4.17551           11.1822 
          7.75176             4.389           9.78707 
          7.77165           4.56964           8.36028 
          7.79155           4.72135           6.88055 
          7.81115           4.84153           5.38089 
          7.83074           4.93198           3.84819 
          7.85013            4.9917            2.3079 
          7.86952            5.0214          0.753736 
           7.8888             5.021          -0.79546 
          7.90807           4.99077          -2.33993 
           7.9273           4.93108          -3.86676 
          7.94652           4.84223          -5.37073 
          7.96577           4.72463          -6.84437 
          7.98501           4.57905          -8.27747 
          8.00434           4.40552          -9.66756 
          8.02367           4.20567          -10.9999 
          8.04316           3.97876          -12.2765 
          8.06265           3.72768          -13.4785 
          8.08238           3.45045           -14.612 
           8.1021           3.15174          -15.6546 
          8.12218           2.82765          -16.6154 
          8.14225           2.48535          -17.4691 
          8.16282           2.11806          -18.2269 
          8.18339           1.73645          -18.8615 
          8.20467           1.32917          -19.3838 
          8.22596          0.912268          -19.7657 
          8.24838          0.466034          -20.0131 
           8.2708         0.0160554          -20.0996 
          8.29429         -0.455425           -20.017 
          8.31778         -0.922888          -19.7578 
          8.34121          -1.38119          -19.3256 
          8.36465          -1.82736          -18.7236 
          8.38814          -2.25858           -17.955 
          8.41164          -2.66987          -17.0279 
          8.43381          -3.03637          -16.0152 
          8.45598          -3.37901          -14.8767 
          8.47699          -3.67937          -13.6893 
          8.49801          -3.95375          -12.4051 
          8.51834           -4.1926          -11.0794 
          8.53867          -4.40374          -9.68054 
          8.55855           -4.5821           -8.2504 
          8.57844           -4.7315           -6.7681 
          8.59802          -4.84939          -5.26633 
           8.6176          -4.93755          -3.73225 
          8.63699          -4.99499          -2.19106 
          8.65638          -5.02242          -0.63669 
          8.67565          -5.01976          0.912227 
          8.69492          -4.98729           2.45573 
          8.71414          -4.92539           3.98111 
          8.73337          -4.83436           5.48295 
          8.75262          -4.71462           6.95399 
          8.77186          -4.56694           8.38383 
           8.7912          -4.39135           9.77018 
          8.81053          -4.18951           11.0981 
          8.83003          -3.96064           12.3699 
          8.84952           -3.7077           13.5664 
          8.86926          -3.42863           14.6939 
            8.889           -3.1282           15.7299 
          8.90909          -2.80243           16.6836 
          8.92918          -2.45856           17.5296 
          8.94977          -2.08971           18.2792 
          8.97036           -1.7067           18.9049 
          8.99168          -1.29796           19.4176 
            9.013          -0.87979           19.7893 
          9.03548         -0.432032           20.0253 
          9.05795          0.019217           20.0996 
          9.08144          0.490463           20.0038 
          9.10492          0.957384           19.7316 
          9.12836           1.41492           19.2865 
          9.15179           1.86003            18.672 
          9.17529           2.28999           17.8912 
          9.19879           2.69972           16.9524 
          9.22091           3.06355           15.9322 
          9.24302           3.40342           14.7874 
            9.264           3.70138            13.594 
          9.28499           3.97327           12.3049 
           9.3053            4.2098           10.9746 
          9.32561           4.41856           9.57191 
          9.34548            4.5946           8.13842 
          9.36535           4.74164           6.65355 
          9.38492           4.85722           5.14968 
           9.4045           4.94303           3.61425 
          9.42388           4.99816           2.07217 
          9.44326           5.02327           0.51765 
          9.46252           5.01832          -1.03094 
          9.48179           4.98358           -2.5734 
          9.50102           4.91943          -4.09727 
          9.52024            4.8262          -5.59691 
          9.53949           4.70427          -7.06526 
          9.55874           4.55446          -8.49174 
          9.57808           4.37678          -9.87424 
          9.59742           4.17292          -11.1977 
          9.61692           3.94206          -12.4644 
          9.63642           3.68723          -13.6554 
          9.65618           3.40631          -14.7768 
          9.67593           3.10414           -15.806 
          9.69603           2.77664          -16.7524 
          9.71614            2.4312          -17.5906 
          9.73675           2.06077          -18.3317 
          9.75736           1.67633          -18.9483 
          9.77872           1.26611          -19.4513 
          9.80007          0.846655          -19.8124 
          9.82261          0.397335          -20.0368 
          9.84514        -0.0552124          -20.0985 
          9.86862         -0.526199          -19.9892 
           9.8921         -0.992547          -19.7037 
          9.91554          -1.44928          -19.2456 
          9.93897           -1.8933          -18.6185 
          9.96248          -2.32193          -17.8252 
          9.98599          -2.73005          -16.8745 
           10.008          -3.09117          -15.8466 
          10.0301          -3.42824          -14.6954 
          10.0511          -3.72374          -13.4959 
           10.072          -3.99309          -12.2018 
          10.0923          -4.22724          -10.8668 
          10.1126          -4.43356          -9.46031 
          10.1324          -4.60723          -8.02344 
          10.1523          -4.75185          -6.53599 
          10.1719          -4.86505          -5.03001 
          10.1914          -4.94847          -3.49324 
          10.2108          -5.00123          -1.95031 
          10.2302          -5.02396         -0.395676 
          10.2494          -5.01667           1.15253 
          10.2687           -4.9796           2.69389 
          10.2879          -4.91315           4.21615 
          10.3072          -4.81765           5.71348 
          10.3264          -4.69349           7.17903 
          10.3457          -4.54151           8.60202 
           10.365          -4.36169           9.98054 
          10.3843          -4.15576           11.2993 
          10.4039          -3.92287           12.5609 
          10.4234          -3.66611           13.7461 
          10.4431          -3.38329           14.8611 
          10.4629          -3.07934           15.8834 
           10.483          -2.75009           16.8224 
          10.5031          -2.40303           17.6524 
          10.5238          -2.03098           18.3848 
          10.5444          -1.64511           18.9921 
          10.5658          -1.23336           19.4849 
          10.5872         -0.812593           19.8352 
          10.6098          -0.36166           20.0476 
          10.6324         0.0922257           20.0964 
          10.6559          0.562923           19.9732 
          10.6793           1.02866           19.6741 
          10.7028           1.48456           19.2025 
          10.7262           1.92741           18.5624 
          10.7497           2.35467           17.7564 
          10.7732           2.76112           16.7934 
          10.7952           3.11946           15.7576 
          10.8172           3.45366           14.5999 
          10.8382           3.74661           13.3943 
          10.8591           4.01336           12.0949 
          10.8793           4.24504           10.7552 
          10.8996           4.44884           9.34478 
          10.9194           4.62006           7.90447 
          10.9393           4.76219            6.4144 
          10.9588           4.87294            4.9063 
          10.9784           4.95388            3.3682 
          10.9978           5.00419           1.82444 
          11.0171           5.02449          0.269742 
          11.0364           5.01477          -1.27801 
          11.0557            4.9753          -2.81818 
          11.0749           4.90647          -4.33874 
          11.0941           4.80864          -5.83364 
          11.1134           4.68218          -7.29624 
          11.1326           4.52796          -8.71559 
           11.152           4.34593          -10.0899 
          11.1713           4.13787          -11.4039 
          11.1908            3.9029          -12.6601 
          11.2104           3.64414          -13.8392 
          11.2301           3.35937          -14.9477 
          11.2499           3.05359          -15.9628 
            11.27           2.72253          -16.8939 
          11.2902           2.37381          -17.7155 
          11.3108            2.0001          -18.4389 
          11.3315           1.61274          -19.0364 
          11.3529           1.19942          -19.5188 
          11.3744          0.777305          -19.8578 
           11.397          0.324694          -20.0577 
          11.4197         -0.130583           -20.093 
          11.4432         -0.600958          -19.9555 
          11.4666          -1.06604          -19.6422 
          11.4901          -1.52104          -19.1568 
          11.5135          -1.96268          -18.5031 
           11.537          -2.38849          -17.6839 
          11.5605          -2.79319          -16.7084 
          11.5825          -3.14865          -15.6645 
          11.6044          -3.47987          -14.4999 
          11.6253           -3.7702          -13.2879 
          11.6462          -4.03423          -11.9833 
          11.6664          -4.26336          -10.6386 
          11.6867          -4.46454          -9.22422 
          11.7065           -4.6332           -7.7804 
          11.7263          -4.77274          -6.28766 
          11.7459          -4.88093          -4.77741 
          11.7654          -4.95931          -3.23797 
          11.7848          -5.00707          -1.69341 
          11.8042          -5.02482         -0.138695 
          11.8234          -5.01258           1.40854 
          11.8427          -4.97062           2.94742 
          11.8619          -4.89932           4.46614 
          11.8811          -4.79907           5.95847 
          11.9004          -4.67021           7.41795 
          11.9196          -4.51366           8.83345 
           11.939          -4.32934           10.2034 
          11.9584          -4.11907           11.5122 
          11.9779          -3.88193           12.7628 
          11.9974          -3.62111           13.9356 
          12.0172          -3.33431           15.0372 
           12.037          -3.02663           16.0447 
          12.0571           -2.6937           16.9677 
          12.0773          -2.34326           17.7805 
           12.098          -1.96783           18.4944 
          12.1187          -1.57892           19.0817 
          12.1401          -1.16398           19.5531 
          12.1616         -0.740456           19.8803 
          12.1843         -0.286082           20.0672 
          12.2071          0.170656           20.0882 
          12.2306          0.640669           19.9357 
           12.254           1.10504           19.6077 
          12.2775           1.55908           19.1078 
          12.3009           1.99942           18.4401 
          12.3244            2.4237           17.6071 
          12.3479           2.82653           16.6184 
          12.3698           3.17901           15.5661 
          12.3917           3.50713           14.3944 
          12.4126           3.79471           13.1759 
          12.4334            4.0559           11.8657 
          12.4536           4.28234           10.5159 
          12.4739           4.48078           9.09738 
          12.4937           4.64676           7.64993 
          12.5135           4.78358           6.15445 
           12.533           4.88909             4.642 
          12.5526           4.96477           3.10122 
          12.5719           5.00986           1.55588 
          12.5913           5.02494        0.00120849 
          12.6105           5.01006          -1.54542 
          12.6298           4.96548          -3.08288 
           12.649            4.8916          -4.59963 
          12.6682            4.7888          -6.08919 
          12.6875           4.65744          -7.54534 
          12.7068           4.49845          -8.95674 
          12.7261           4.31172           -10.322 
          12.7455           4.09915          -11.6255 
           12.765           3.85974          -12.8701 
          12.7846           3.59676          -14.0361 
          12.8044           3.30784          -15.1305 
          12.8242           2.99817            -16.13 
          12.8443           2.66328          -17.0444 
          12.8645           2.31105          -17.8478 
          12.8852           1.93381          -18.5517 
          12.9059            1.5433          -19.1283 
          12.9275           1.12664           -19.588 
           12.949          0.701652          -19.9028 
          12.9718          0.245409          -20.0758 
          12.9946         -0.212876          -20.0817 
           13.018         -0.682479          -19.9135 
          13.0415          -1.14607            -19.57 
           13.065          -1.59907          -19.0549 
          13.0884          -2.03802          -18.3724 
          13.1119          -2.46065          -17.5249 
          13.1354          -2.86151          -16.5224 
          13.1573          -3.21084          -15.4612 
          13.1791          -3.53571          -14.2822 
          13.1999          -3.82037          -13.0567 
          13.2207          -4.07857          -11.7407 
          13.2409          -4.30217          -10.3856 
          13.2611           -4.4977          -8.96276 
          13.2809          -4.66085          -7.51153 
          13.3007           -4.7948          -6.01322 
          13.3203          -4.89747          -4.49852 
          13.3398          -4.97029          -2.95639 
          13.3591          -5.01255          -1.41028 
          13.3785          -5.02481          0.144274 
          13.3977          -5.00714           1.69019 
           13.417          -4.95979           3.22609 
          13.4362          -4.88317           4.74068 
          13.4554          -4.77769           6.22725 
          13.4747          -4.64368           7.67981 
           13.494          -4.48212           9.08681 
          13.5133          -4.29286           10.4471 
          13.5327          -4.07784           11.7448 
          13.5522          -3.83603            12.983 
          13.5718          -3.57078           14.1419 
          13.5916          -3.27962           15.2284 
          13.6114          -2.96786           16.2194 
          13.6316          -2.63091           17.1246 
          13.6518          -2.27679           17.9181 
          13.6726          -1.89764           18.6114 
          13.6933          -1.50544           19.1765 
          13.7149          -1.08697           19.6239 
          13.7364         -0.660429           19.9254 
          13.7593         -0.202183           20.0835 
          13.7822          0.257756           20.0733 
          13.8057          0.726892           19.8883 
          13.8291           1.18963           19.5284 
          13.8526           1.64149           18.9971 
           13.876           2.07893           18.2989 
          13.8996           2.49979           17.4361 
          13.9231            2.8985           16.4189 
          13.9449            3.2445           15.3483 
          13.9666           3.56591           14.1615 
          13.9874           3.84748           12.9287 
          14.0082           4.10249           11.6066 
          14.0284           4.32305           10.2459 
          14.0485           4.51548           8.81855 
          14.0683           4.67561           7.36337 
          14.0881           4.80648           5.86211 
          14.1076           4.90612           4.34507 
          14.1271           4.97589           2.80158 
          14.1465           5.01514           1.25473 
          14.1658           5.02438         -0.299624 
          14.1851           5.00373          -1.84471 
          14.2043           4.95343          -3.37887 
          14.2235           4.87389          -4.89107 
          14.2428           4.76555          -6.37437 
           14.262           4.62872          -7.82303 
          14.2813           4.46441          -9.22525 
          14.3007           4.27244          -10.5802 
            14.32           4.05483          -11.8715 
          14.3396           3.81047          -13.1029 
          14.3592            3.5428           -14.254 
           14.379           3.24925          -15.3322 
          14.3988           2.93528           -16.314 
          14.4191           2.59612          -17.2094 
          14.4393           2.23999          -17.9922 
          14.4601           1.85882           -18.674 
          14.4808           1.46482          -19.2268 
          14.5024           1.04442          -19.6608 
           14.524          0.616224           -19.948 
           14.547          0.155809          -20.0901 
            14.57         -0.305922          -20.0625 
          14.5935          -0.77452          -19.8596 
          14.6169           -1.2363          -19.4819 
          14.6404          -1.68691          -18.9333 
          14.6638           -2.1227          -18.2183 
          14.6872          -2.53937          -17.3443 
          14.7106          -2.93377          -16.3183 
          14.7324          -3.27649          -15.2392 
          14.7541          -3.59452          -14.0453 
          14.7748          -3.87312          -12.8056 
          14.7955          -4.12508          -11.4778 
          14.8157          -4.34274          -10.1118 
          14.8358          -4.53221          -8.68018 
          14.8556          -4.68944          -7.22129 
          14.8754          -4.81737           -5.7173 
          14.8949          -4.91411           -4.1981 
          14.9144          -4.98096          -2.65337 
          14.9337          -5.01733          -1.10589 
          14.9531          -5.02369          0.448199 
          14.9723          -5.00019           1.99242 
          14.9916          -4.94707           3.52483 
          15.0108          -4.86475           5.03469 
            15.03          -4.75367           6.51478 
          15.0493          -4.61414           7.95964 
          15.0685          -4.44721           9.35722 
          15.0879          -4.25267           10.7069 
          15.1073          -4.03258           11.9922 
          15.1269          -3.78578           13.2169 
          15.1464           -3.5158           14.3606 
          15.1663          -3.21999           15.4307 
          15.1861          -2.90389           16.4036 
          15.2064          -2.56264           17.2895 
          15.2266           -2.2046            18.062 
          15.2474           -1.8215           18.7327 
          15.2683          -1.42578           19.2737 
          15.2899          -1.00354           19.6948 
          15.3116         -0.573763           19.9683 
          15.3346          -0.11124           20.0948 
          15.3577           0.35223           20.0503 
          15.3812          0.820274           19.8301 
          15.4046            1.2811           19.4355 
          15.4281           1.73047           18.8703 
          15.4515           2.16463           18.1392 
          15.4748           2.57726           17.2547 
          15.4981           2.96752           16.2204 
          15.5198           3.30709           15.1331 
          15.5414           3.62187           13.9324 
          15.5621           3.89761           12.6861 
          15.5828           4.14663           11.3528 
           15.603            4.3615           9.98182 
          15.6231            4.5481           8.54612 
          15.6428           4.70253           7.08373 
          15.6626           4.82763           5.57715 
          15.6821           4.92157           4.05594 
          15.7016            4.9856           2.51009 
          15.7209           5.01918          0.962064 
          15.7402           5.02276         -0.591706 
          15.7595           4.99651          -2.13502 
          15.7787           4.94067          -3.66568 
           15.798           4.85565           -5.1732 
          15.8172           4.74194          -6.65014 
          15.8365           4.59981          -8.09125 
          15.8557           4.43035          -9.48429 
          15.8751           4.23333          -10.8288 
          15.8945           4.01085          -12.1082 
          15.9141           3.76171          -13.3264 
          15.9337           3.48951          -14.4628 
          15.9535           3.19151          -15.5251 
          15.9734           2.87338          -16.4894 
          15.9937           2.53011           -17.366 
          16.0139           2.17023          -18.1285 
          16.0348           1.78527          -18.7884 
          16.0556           1.38791          -19.3179 
          16.0773          0.963873          -19.7265 
           16.099          0.532578          -19.9865 
          16.1222         0.0679848          -20.0979 
          16.1454         -0.397191          -20.0369 
          16.1688         -0.864666          -19.7999 
          16.1923          -1.32454          -19.3889 
          16.2157          -1.77267          -18.8075 
          16.2392          -2.20521          -18.0608 
          16.2624          -2.61399           -17.166 
          16.2855          -3.00028          -16.1237 
          16.3071          -3.33678          -15.0284 
          16.3287          -3.64841          -13.8212 
          16.3494          -3.92136          -12.5685 
          16.3701          -4.16751          -11.2299 
          16.3902          -4.37963            -9.854 
          16.4103          -4.56343          -8.41439 
            16.43          -4.71511          -6.94863 
          16.4498          -4.83743          -5.43958 
          16.4693          -4.92862          -3.91647 
          16.4887           -4.9899          -2.36958 
          16.5081          -5.02074          -0.82109 
          16.5274           -5.0216          0.732301 
          16.5466          -4.99266           2.27466 
          16.5659          -4.93415           3.80354 
          16.5851           -4.8465           5.30871 
          16.6043          -4.73021           6.78249 
          16.6236          -4.58553           8.21986 
          16.6429          -4.41361           9.60838 
          16.6623          -4.21415           10.9478 
          16.6817          -3.98934           12.2214 
          16.7013          -3.73791           13.4331 
          16.7209          -3.46354           14.5624 
          16.7407          -3.16341           15.6168 
          16.7606          -2.84329           16.5726 
          16.7809          -2.49806           17.4401 
          16.8012          -2.13638           18.1927 
          16.8221           -1.7496            18.842 
          16.8429          -1.35063           19.3601 
          16.8647         -0.924848           19.7564 
          16.8865         -0.492061           20.0032 
          16.9097        -0.0254043           20.0995 
           16.933          0.441472            20.022 
          16.9564          0.908353           19.7686 
          16.9799           1.36725           19.3414 
          17.0033           1.81413           18.7441 
          17.0268           2.24506           17.9821 
          17.0499           2.65008           17.0773 
          17.0729           3.03252           16.0269 
          17.0945           3.36601           14.9238 
           17.116           3.67453           13.7101 
          17.1367            3.9447           12.4511 
          17.1573             4.188           11.1072 
          17.1774           4.39739            9.7266 
          17.1975           4.57841           8.28318 
          17.2172           4.72736           6.81414 
          17.2369           4.84691            5.3027 
          17.2564           4.93539           3.77776 
          17.2759           4.99392            2.2299 
          17.2952           5.02205          0.681017 
          17.3145           5.02021         -0.871933 
          17.3338           4.98859          -2.41328 
           17.353           4.92743          -3.94033 
          17.3722           4.83718           -5.4431 
          17.3915           4.71832          -6.91368 
          17.4107           4.57112          -8.34728 
            17.43           4.39675          -9.73126 
          17.4494           4.19489          -11.0656 
          17.4688           3.96777          -12.3332 
          17.4884           3.71407          -13.5385 
           17.508           3.43754          -14.6606 
          17.5279            3.1353          -15.7073 
          17.5478           2.81321          -16.6545 
          17.5681           2.46603          -17.5128 
          17.5884           2.10259          -18.2556 
          17.6094           1.71401          -18.8943 
          17.6303           1.31345           -19.401 
          17.6521          0.885922          -19.7849 
          17.6739          0.451656          -20.0184 
          17.6972        -0.0170903          -20.0996 
          17.7206         -0.485687          -20.0056 
           17.744         -0.951942          -19.7358 
          17.7675          -1.40983          -19.2924 
          17.7909          -1.85543          -18.6793 
          17.8144          -2.28471           -17.902 
          17.8374          -2.68604          -16.9871 
          17.8604          -3.06468          -15.9287 
          17.8818          -3.39515          -14.8178 
          17.9033          -3.70056          -13.5976 
          17.9239          -3.96795          -12.3323 
          17.9445          -4.20838          -10.9833 
          17.9646          -4.41503          -9.59792 
          17.9847          -4.59324          -8.15073 
          18.0044          -4.73945          -6.67845 
          18.0241          -4.85622          -5.16468 
          18.0436          -4.94195          -3.63796 
           18.063          -4.99772          -2.08919 
          18.0824          -5.02312         -0.539971 
          18.1017          -5.01856           1.01247 
          18.1209          -4.98425           2.55273 
          18.1402          -4.92043           4.07788 
          18.1594          -4.82755           5.57817 
          18.1786          -4.70612           7.04546 
          18.1979          -4.55639           8.47521 
          18.2172          -4.37955           9.85454 
          18.2366          -4.17527           11.1836 
           18.256          -3.94583           12.4453 
          18.2756          -3.68985            13.644 
          18.2952          -3.41117           14.7588 
          18.3151          -3.10681           15.7976 
           18.335          -2.78275           16.7362 
          18.3554          -2.43362           17.5852 
          18.3757           -2.0684            18.318 
          18.3967          -1.67801           18.9459 
          18.4176          -1.27586           19.4411 
          18.4395         -0.846574           19.8124 
          18.4613         -0.410818           20.0325 
          18.4848          0.060074           20.0983 
          18.5082          0.530438           19.9875 
          18.5317          0.996026           19.7009 
          18.5551           1.45286           19.2413 
          18.5786           1.89713           18.6122 
           18.602           2.32472           17.8194 
          18.6249           2.72235           16.8944 
          18.6478           3.09718           15.8278 
          18.6692           3.42459            14.709 
          18.6907           3.72686           13.4822 
          18.7112            3.9914           12.2106 
          18.7318           4.22892           10.8563 
          18.7519           4.43277           9.46622 
          18.7719           4.60812           8.01524 
          18.7916           4.75153           6.53972 
          18.8113           4.86546           5.02364 
          18.8308           4.94838           3.49517 
          18.8502           5.00134           1.94555 
          18.8695           5.02396          0.396048 
          18.8889           5.01662          -1.15581 
          18.9081           4.97957           -2.6949 
          18.9273           4.91304          -4.21804 
          18.9466           4.81748          -5.71573 
          18.9658           4.69343          -7.17961 
          18.9851           4.54112          -8.60535 
          19.0044           4.36178          -9.97989 
          19.0238           4.15503          -11.3036 
          19.0432           3.92323          -12.5591 
          19.0628           3.66493          -13.7511 
          19.0825           3.38406          -14.8583 
          19.1024           3.07754           -15.889 
          19.1223           2.75148          -16.8187 
          19.1427           2.40036          -17.6582 
           19.163           2.03334          -18.3807 
           19.184           1.64112          -18.9976 
           19.205           1.23735          -19.4808 
          19.2269          0.806263          -19.8393 
          19.2488          0.368988          -20.0455 
          19.2723         -0.103735          -20.0955 
          19.2959          -0.57554          -19.9675 
          19.3193          -1.04042          -19.6642 
          19.3428          -1.49616          -19.1881 
          19.3662          -1.93907          -18.5429 
          19.3897          -2.36491          -17.7346 
          19.4125          -2.75886          -16.7994 
          19.4353          -3.12987          -15.7246 
          19.4567          -3.45421          -14.5978 
           19.478          -3.75329          -13.3643 
          19.4986          -4.01496          -12.0864 
          19.5191          -4.24951          -10.7269 
          19.5392          -4.45052          -9.33201 
          19.5592          -4.62296          -7.87726 
          19.5789          -4.76353          -6.39852 
          19.5986          -4.87458          -4.88015 
           19.618          -4.95465          -3.34999 
          19.6375          -5.00476          -1.79955 
          19.6568          -5.02455         -0.249844 
          19.6761          -5.01439           1.30136 
          19.6953          -4.97455           2.83919 
          19.7145          -4.90528           4.36022 
          19.7338            -4.807            5.8552 
           19.753           -4.6803           7.31555 
          19.7723          -4.52536           8.73716 
          19.7916          -4.34348           10.1068 
           19.811          -4.13424           11.4249 
          19.8304          -3.90005           12.6741 
          19.8501           -3.6394           13.8591 
          19.8697          -3.35631           14.9587 
          19.8897          -3.04761            15.981 
          19.9096          -2.71953           16.9017 
            19.93           -2.3664           17.7314 
          19.9504          -1.99755           18.4433 
          19.9714          -1.60347           19.0489 
          19.9924          -1.19806           19.5201 
          20.0144         -0.765147           19.8654 
          20.0363         -0.326326           20.0573 
          20.0599          0.146353           20.0912 
          20.0834          0.617737           19.9473 
          20.1068           1.08193           19.6283 
          20.1303           1.53661           19.1369 
          20.1537            1.9782           18.4767 
          20.1772           2.40238           17.6538 
          20.1999           2.79291           16.7091 
          20.2226           3.16041           15.6266 
           20.244           3.48185           14.4923 
          20.2653           3.77796           13.2527 
          20.2858           4.03691           11.9689 
          20.3063           4.26868           10.6044 
          20.3263             4.467           9.20514 
          20.3464           4.63671           7.74689 
           20.366           4.77459           6.26519 
          20.3857           4.88293           4.74473 
          20.4051           4.96032           3.21302 
          20.4246           5.00773            1.6619 
          20.4439           5.02486           0.11205 
          20.4632           5.01205          -1.43846 
          20.4824           4.96959          -2.97505 
          20.5016           4.89773          -4.49403 
          20.5209           4.79689           -5.9864 
          20.5401           4.66768          -7.44335 
          20.5594           4.51028            -8.861 
          20.5787           4.32602          -10.2259 
          20.5981           4.11443          -11.5388 
          20.6176             3.878           -12.782 
          20.6372           3.61514          -13.9604 
          20.6569           3.32997          -15.0526 
          20.6768           3.01922           -16.067 
          20.6968           2.68923          -16.9791 
          20.7172           2.33422          -17.7995 
          20.7376           1.96366          -18.5015 
          20.7586           1.56782          -19.0964 
          20.7797           1.16089           -19.556 
          20.8017          0.726239          -19.8887 
          20.8237          0.285961          -20.0672 
          20.8473          -0.18665          -20.0859 
          20.8708         -0.657609          -19.9269 
          20.8942          -1.12112          -19.5931 
          20.9177          -1.57478          -19.0872 
          20.9411           -2.0151          -18.4128 
          20.9646          -2.43768          -17.5762 
          20.9872          -2.82501          -16.6225 
          21.0099           -3.1892          -15.5327 
          21.0312          -3.50791          -14.3914 
          21.0524          -3.80119          -13.1459 
          21.0729          -4.05757          -11.8565 
          21.0934          -4.28669          -10.4875 
          21.1134          -4.48246          -9.08409 
          21.1334          -4.64957          -7.62258 
          21.1531           -4.7849          -6.13811 
          21.1727          -4.89065          -4.61572 
          21.1922          -4.96549           -3.0826 
          21.2116          -5.01034          -1.53087 
          21.2309          -5.02494         0.0190459 
          21.2502          -5.00961           1.56885 
          21.2694          -4.96465           3.10419 
          21.2887          -4.89033           4.62117 
          21.3079          -4.78706           6.11099 
          21.3271          -4.65548           7.56466 
          21.3464          -4.49574           8.97849 
          21.3657          -4.30921           10.3388 
          21.3852          -4.09539           11.6466 
          21.4046          -3.85683            12.884 
          21.4243          -3.59188           14.0561 
          21.4439          -3.30473           15.1413 
          21.4639          -2.99203           16.1482 
          21.4839          -2.66025            17.052 
          21.5043          -2.30344           17.8636 
          21.5247          -1.93127           18.5559 
          21.5458          -1.53377           19.1406 
          21.5669          -1.12538           19.5892 
           21.589          -0.68908           19.9099 
          21.6111         -0.247413           20.0754 
          21.6346          0.225108           20.0796 
          21.6581          0.695638           19.9062 
          21.6815           1.15847           19.5583 
           21.705           1.61113           19.0386 
          21.7284           2.05022           18.3506 
          21.7519           2.47126            17.501 
          21.7745           2.85555           16.5388 
           21.797            3.2166            15.442 
          21.8183            3.5327           14.2941 
          21.8395           3.82329            13.043 
            21.86            4.0772           11.7483 
          21.8805           4.30378            10.375 
          21.9004            4.4971           8.96759 
          21.9204           4.66171           7.50299 
          21.9401           4.79458           6.01592 
          21.9597           4.89786           4.49173 
          21.9791           4.97025           2.95732 
          21.9986           5.01265           1.40506 
          22.0179           5.02481         -0.144876 
          22.0372           5.00706          -1.69395 
          22.0564           4.95971          -3.22804 
          22.0756           4.88303          -4.74304 
          22.0949           4.77744          -6.23037 
          22.1141           4.64358          -7.68084 
          22.1334           4.48159          -9.09096 
          22.1527           4.29289          -10.4469 
          22.1722           4.07694          -11.7498 
          22.1916           3.83633          -12.9816 
          22.2113           3.56938          -14.1475 
          22.2309           3.28034           -15.226 
          22.2509           2.96579          -16.2255 
          22.2709           2.63228          -17.1213 
          22.2914           2.27376          -17.9243 
          22.3118           1.90004          -18.6075 
          22.3329           1.50095          -19.1821 
           22.354           1.09117          -19.6201 
          22.3762          0.653281          -19.9292 
          22.3983          0.210277          -20.0821 
          22.4218         -0.262134          -20.0724 
          22.4453         -0.732229          -19.8852 
          22.4688          -1.19439          -19.5237 
          22.4922          -1.64606          -18.9907 
          22.5157          -2.08394          -18.2897 
          22.5391          -2.50347          -17.4276 
          22.5616          -2.88487          -16.4572 
          22.5841          -3.24292          -15.3537 
          22.6053          -3.55649          -14.1993 
          22.6266          -3.84449          -12.9429 
           22.647          -4.09601          -11.6432 
          22.6675          -4.32013          -10.2656 
          22.6874          -4.51108          -8.85453 
          22.7074          -4.67328          -7.38699 
           22.727          -4.80377          -5.89747 
          22.7467          -4.90465          -4.37157 
          22.7661          -4.97467          -2.83596 
          22.7855          -5.01469          -1.28324 
          22.8048           -5.0245          0.266663 
          22.8241          -5.00441           1.81498 
          22.8433          -4.95475           3.34781 
          22.8625          -4.87578           4.86085 
          22.8818          -4.76794           6.34573 
           22.901          -4.63188           7.79305 
          22.9203          -4.46772           9.19951 
          22.9396          -4.27693           10.5511 
          22.9591          -4.05892           11.8492 
          22.9785          -3.81634           13.0755 
          22.9982          -3.54745           14.2355 
          23.0179          -3.25659           15.3073 
          23.0379          -2.94024           16.2997 
          23.0579          -2.60507           17.1877 
          23.0784           -2.2449           17.9824 
          23.0989          -1.86969           18.6566 
            23.12          -1.46907           19.2216 
          23.1411          -1.05794           19.6492 
          23.1633         -0.618506           19.9469 
          23.1855         -0.174206           20.0877 
           23.209          0.298078           20.0644 
          23.2325          0.767729           19.8638 
          23.2559           1.22922           19.4891 
          23.2794           1.67991           18.9432 
          23.3029            2.1166           18.2296 
          23.3263           2.53464           17.3554 
          23.3488           2.91323           16.3771 
          23.3712           3.26839            15.267 
          23.3924           3.57952           14.1065 
          23.4135           3.86499           12.8448 
           23.434           4.11417           11.5402 
          23.4544           4.33591           10.1587 
          23.4743           4.52454           8.74395 
          23.4943           4.68438           7.27359 
          23.5139           4.81256           5.78171 
          23.5335            4.9111           4.25421 
           23.553            4.9788           2.71746 
          23.5724            5.0165           1.16434 
          23.5917           5.02401         -0.385482 
          23.6109           5.00165          -1.93301 
          23.6302           4.94973          -3.46458 
          23.6494           4.86854          -4.97566 
          23.6686            4.7585          -6.45809 
          23.6879           4.62029          -7.90229 
          23.7072           4.45403          -9.30515 
          23.7265           4.26119          -10.6525 
           23.746           4.04118          -11.9458 
          23.7654           3.79668          -13.1668 
          23.7851           3.52591          -14.3209 
          23.8048           3.23327          -15.3862 
          23.8248           2.91518          -16.3716 
          23.8449            2.5784           -17.252 
          23.8653           2.21662          -18.0384 
          23.8858           1.83996          -18.7038 
           23.907           1.43784          -19.2593 
          23.9282           1.02541          -19.6768 
          23.9504          0.584457          -19.9633 
          23.9727           0.13889          -20.0921 
          23.9962          -0.33325          -20.0555 
          24.0197         -0.802446          -19.8418 
          24.0431          -1.26326          -19.4542 
          24.0665          -1.71297          -18.8958 
            24.09          -2.14847          -18.1699 
          24.1135          -2.56504          -17.2838 
          24.1359          -2.94091          -16.2978 
          24.1582          -3.29325          -15.1813 
          24.1794          -3.60198          -14.0147 
          24.2005          -3.88497           -12.748 
          24.2209          -4.13187          -11.4387 
          24.2413          -4.35125          -10.0532 
          24.2612           -4.5376          -8.63496 
          24.2812          -4.69513          -7.16188 
          24.3008          -4.82103          -5.66772 
          24.3204          -4.91726          -4.13869 
          24.3398          -4.98269          -2.60087 
          24.3592          -5.01811           -1.0474 
          24.3785          -5.02337          0.502302 
          24.3978          -4.99876           2.04901 
           24.417          -4.94462           3.57929 
          24.4362          -4.86125            5.0884 
          24.4555          -4.74906           6.56838 
          24.4747          -4.60874           8.00947 
           24.494          -4.44041           9.40875 
          24.5134          -4.24557           10.7519 
          24.5328          -4.02358           12.0405 
          24.5523           -3.7772           13.2561 
           24.572          -3.50458           14.4044 
          24.5917          -3.21021           15.4633 
          24.6117          -2.89041           16.4417 
          24.6318          -2.55204           17.3145 
          24.6523          -2.18869           18.0929 
          24.6728          -1.81061           18.7496 
           24.694          -1.40702           19.2957 
          24.7152         -0.993307           19.7031 
          24.7375         -0.550863           19.9786 
          24.7598         -0.104045           20.0954 
          24.7833          0.367932           20.0458 
          24.8068          0.836661           19.8192 
          24.8302           1.29678           19.4189 
          24.8537           1.74552           18.8481 
          24.8771           2.17983             18.11 
          24.9006           2.59492           17.2123 
          24.9229           2.96811           16.2187 
          24.9452           3.31768           15.0959 
          24.9663           3.62405           13.9234 
          24.9874            3.9046           12.6517 
          25.0078           4.14922           11.3377 
          25.0282           4.36628           9.94837 
          25.0481           4.55038           8.52673 
          25.0681           4.70561           7.05099 
          25.0877           4.82925           5.55463 
          25.1073            4.9232           4.02412 
          25.1267           4.98638           2.48529 
          25.1461           5.01954           0.93151 
          25.1653           5.02256         -0.618023 
          25.1846           4.99573          -2.16388 
          25.2039            4.9394          -3.69283 
          25.2231           4.85387          -5.19994 
          25.2423           4.73954          -6.67745 
          25.2616           4.59714          -8.11543 
          25.2809           4.42676          -9.51111 
          25.3002           4.22993            -10.85 
          25.3197             4.006          -12.1339 
          25.3392           3.75776          -13.3442 
          25.3589           3.48332          -14.4867 
          25.3786           3.18723          -15.5391 
          25.3986           2.86573          -16.5106 
          25.4187           2.52581           -17.376 
          25.4392            2.1609          -18.1463 
          25.4598           1.78142          -18.7943 
           25.481           1.37638           -19.331 
          25.5022          0.961402          -19.7284 
          25.5246          0.517469          -19.9929 
          25.5469         0.0694071          -20.0978 
          25.5704         -0.402389          -20.0352 
          25.5939         -0.870634          -19.7958 
          25.6173          -1.33005          -19.3829 
          25.6408          -1.77779          -18.7998 
          25.6643           -2.2109          -18.0497 
          25.6877          -2.62451          -17.1403 
            25.71          -2.99506          -16.1392 
          25.7323          -3.34189          -15.0103 
          25.7533          -3.64589          -13.8318 
          25.7744          -3.92402          -12.5552 
          25.7947          -4.16638          -11.2366 
          25.8151          -4.38111          -9.84348 
           25.835          -4.56296          -8.41847 
          25.8549           -4.7159          -6.94012 
          25.8745          -4.83728           -5.4416 
          25.8941          -4.92896          -3.90966 
          25.9135          -4.98989          -2.36987 
          25.9329           -5.0208          -0.81582 
          25.9522          -5.02159          0.733505 
          25.9715          -4.99255           2.27847 
          25.9907          -4.93403           3.80605 
          26.0099          -4.84634           5.31113 
          26.0292          -4.72988           6.78614 
          26.0484          -4.58541           8.22095 
          26.0677          -4.41298             9.613 
          26.0871          -4.21418           10.9476 
          26.1065          -3.98831           12.2268 
           26.126          -3.73822           13.4317 
          26.1457          -3.46196           14.5684 
          26.1655          -3.16417           15.6144 
          26.1855          -2.84099           16.5789 
          26.2056          -2.49951           17.4367 
          26.2262          -2.13305           18.1989 
          26.2467          -1.75218           18.8382 
           26.268          -1.34568           19.3656 
          26.2892         -0.929453           19.7529 
          26.3116         -0.484025           20.0063 
           26.334        -0.0347174           20.0993 
          26.3575          0.436879           20.0236 
           26.381           0.90462           19.7714 
          26.4044           1.36332           19.3458 
          26.4279           1.81004           18.7505 
          26.4514           2.24193           17.9883 
          26.4749           2.65403           17.0674 
          26.4971           3.02195           16.0588 
          26.5193           3.36605           14.9237 
          26.5403           3.66769           13.7393 
          26.5613           3.94337           12.4578 
          26.5817           4.18346           11.1346 
           26.602           4.39586           9.73772 
          26.6219           4.57544           8.30937 
          26.6418           4.72607           6.82844 
          26.6614           4.84519           5.32779 
           26.681           4.93459           3.79446 
          26.7004           4.99325           2.25374 
          26.7198           5.02189          0.699476 
           26.739           5.02045         -0.849596 
          26.7583           4.98918          -2.39362 
          26.7775           4.92846          -3.91978 
          26.7967            4.8386          -5.42278 
           26.816           4.72001          -6.89522 
          26.8352           4.57346          -8.32681 
          26.8546           4.39897          -9.71517 
          26.8739            4.1982          -11.0455 
          26.8934           3.97038          -12.3198 
          26.9129           3.71843          -13.5193 
          26.9326           3.44035            -14.65 
          26.9524           3.14084          -15.6895 
          26.9724           2.81597          -16.6471 
          26.9925           2.47295          -17.4972 
          27.0131           2.10493          -18.2512 
          27.0337           1.72267          -18.8817 
           27.055           1.31472          -19.3996 
          27.0763          0.897224          -19.7767 
          27.0987          0.450285          -20.0189 
          27.1212      -0.000281482          -20.0998 
          27.1447         -0.471656           -20.011 
          27.1681          -0.93887          -19.7458 
          27.1916          -1.39682          -19.3076 
           27.215           -1.8425          -18.6998 
          27.2385          -2.27314          -17.9255 
           27.262          -2.68371           -16.993 
          27.2842          -3.04897          -15.9769 
          27.3063          -3.39033          -14.8355 
          27.3273          -3.68958          -13.6452 
          27.3483           -3.9628          -12.3588 
          27.3686          -4.20058           -11.031 
          27.3889          -4.41062          -9.63031 
          27.4088          -4.58791          -8.19862 
          27.4287          -4.73621          -6.71512 
          27.4483          -4.85303          -5.21237 
          27.4679          -4.94011          -3.67767 
          27.4872          -4.99648          -2.13606 
          27.5066          -5.02283         -0.581615 
          27.5259          -5.01912          0.967155 
          27.5452           -4.9856           2.51018 
          27.5644          -4.92265           4.03486 
          27.5836          -4.83061            5.5357 
          27.6029          -4.70985            7.0055 
          27.6221          -4.56119           8.43379 
          27.6414          -4.38463           9.81836 
          27.6608          -4.18185           11.1442 
          27.6803          -3.95206           12.4137 
          27.6998          -3.69825           13.6076 
          27.7195          -3.41832           14.7323 
          27.7393          -3.11708           15.7652 
          27.7594          -2.79051           16.7155 
          27.7795          -2.44592           17.5579 
          27.8001          -2.07633           18.3036 
          27.8207          -1.69266           18.9251 
           27.842          -1.28324           19.4333 
          27.8633         -0.864473           19.8001 
          27.8858         -0.415993           20.0308 
          27.9083         0.0358551           20.0992 
          27.9318          0.506984           19.9972 
          27.9553          0.973642           19.7188 
          27.9787           1.43081           19.2677 
          28.0022           1.87542           18.6474 
          28.0257           2.30476           17.8608 
          28.0492           2.71375           16.9165 
          28.0713           3.07633           15.8927 
          28.0934           3.41491            14.745 
          28.1143           3.71173           13.5488 
          28.1353           3.98245           12.2573 
          28.1556           4.21788           10.9249 
          28.1759           4.42551           9.52041 
          28.1958           4.60045           8.08536 
          28.2156           4.74638           6.59929 
          28.2352           4.86086           5.09444 
          28.2548           4.94557           3.55839 
          28.2741            4.9996           2.01591 
          28.2935           5.02361          0.461332 
          28.3128           5.01758          -1.08708 
           28.332           4.98177          -2.62905 
          28.3513           4.91655          -4.15217 
          28.3705           4.82227          -5.65076 
          28.3897           4.69931          -7.11782 
           28.409           4.54851          -8.54269 
          28.4283           4.36983          -9.92336 
          28.4477           4.16501          -11.2447 
          28.4672           3.93322           -12.509 
          28.4867            3.6775          -13.6973 
          28.5064            3.3957          -14.8158 
          28.5262            3.0927          -15.8418 
          28.5463            2.7644          -16.7848 
          28.5664           2.41821          -17.6192 
          28.5871           2.04703          -18.3563 
          28.6077           1.66193          -18.9686 
           28.629             1.251          -19.4669 
          28.6504          0.830942           -19.823 
           28.673          0.380878          -20.0419 
          28.6955        -0.0722857          -20.0977 
           28.719         -0.543142           -19.982 
          28.7425          -1.00921          -19.6902 
          28.7659          -1.46556          -19.2259 
          28.7894          -1.90904          -18.5927 
          28.8129          -2.33705          -17.7936 
          28.8364           -2.7444          -16.8372 
          28.8584          -3.10424          -15.8057 
          28.8805          -3.43998          -14.6514 
          28.9014           -3.7343          -13.4491 
          28.9223          -4.00246          -12.1526 
          28.9426          -4.23547          -10.8154 
          28.9629          -4.44062          -9.40711 
          28.9827          -4.61316          -7.96866 
          29.0026          -4.75664          -6.47999 
          29.0221          -4.86871          -4.97303 
          29.0417          -4.95099          -3.43564 
          29.0611          -5.00262          -1.89232 
          29.0804          -5.02423          -0.33765 
          29.0997          -5.01582           1.21035 
           29.119          -4.97764           2.75117 
          29.1382          -4.91009           4.27265 
          29.1574          -4.81352           5.76888 
          29.1767           -4.6883           7.23307 
          29.1959          -4.53529           8.65439 
          29.2153          -4.35445            10.031 
          29.2346          -4.14754           11.3476 
          29.2541          -3.91369           12.6067 
          29.2737          -3.65601            13.789 
          29.2934          -3.37229           14.9011 
          29.3132          -3.06749           15.9201 
          29.3333          -2.73741           16.8554 
          29.3535          -2.38958           17.6816 
          29.3741          -2.01677           18.4098 
          29.3947          -1.63021           19.0126 
          29.4162          -1.21774           19.5006 
          29.4376         -0.796348           19.8457 
          29.4602         -0.344644           20.0524 
          29.4828          0.109881           20.0949 
          29.5063          0.580433           19.9652 
          29.5298           1.04587           19.6596 
          29.5532           1.50136           19.1816 
          29.5766           1.94366           18.5352 
          29.6002           2.37025           17.7232 
          29.6237            2.7759           16.7544 
          29.6456           3.13292           15.7149 
          29.6676           3.46574            14.554 
          29.6885           3.75749           13.3454 
          29.7094           4.02298           12.0437 
          29.7297           4.25349           10.7016 
          29.7499           4.45609           9.28939 
          29.7698           4.62613           7.84746 
          29.7896           4.76707           6.35616 
          29.8092           4.87664           4.84706 
          29.8287            4.9564           3.30833 
          29.8481           5.00554            1.7642 
          29.8674           5.02466           0.20949 
          29.8867           5.01379          -1.33803 
           29.906           4.97317          -2.87762 
          29.9252           4.90321          -4.39733 
          29.9444           4.80426          -5.89106 
          29.9637            4.6767          -7.35224 
          29.9829           4.52141          -8.76982 
          30.0023           4.33832          -10.1422 
          30.0216           4.12925          -11.4538 
          30.0412           3.89328          -12.7074 
          30.0607           3.63358          -13.8836 
          30.0805           3.34787          -14.9889 
          30.1002           3.04121          -16.0005 
          30.1204           2.70929           -16.928 
          30.1405           2.35978          -17.7455 
          30.1612           1.98528          -18.4645 
          30.1819           1.59721          -19.0574 
          30.2033           1.18314          -19.5347 
          30.2248          0.760379          -19.8683 
          30.2475           0.30696          -20.0622 
          30.2702         -0.148987          -20.0909 
          30.2936         -0.619199          -19.9466 
          30.3171          -1.08396          -19.6265 
          30.3405          -1.53852          -19.1345 
           30.364          -1.97957          -18.4743 
          30.3875          -2.40468          -17.6488 
           30.411          -2.80852          -16.6672 
          30.4329          -3.16261          -15.6194 
          30.4549          -3.49241          -14.4516 
          30.4757          -3.78147          -13.2366 
          30.4966           -4.0442          -11.9294 
          30.5168           -4.2721          -10.5824 
          30.5371          -4.47202          -9.16608 
          30.5569          -4.63945          -7.72058 
          30.5767          -4.77775          -6.22658 
          30.5962          -4.88471          -4.71531 
          30.6158          -4.96184          -3.17525 
          30.6351          -5.00838          -1.63032 
          30.6545           -5.0249         -0.075624 
          30.6738          -5.01146           1.47134 
           30.693          -4.96829           3.00958 
          30.7122          -4.89581            4.5274 
          30.7315          -4.79439           6.01847 
          30.7507          -4.66438           7.47643 
            30.77          -4.50671           8.89005 
          30.7893          -4.32128           10.2579 
          30.8087          -4.10996           11.5642 
          30.8282          -3.87177           12.8121 
          30.8478          -3.60997           13.9818 
          30.8676          -3.32219           15.0801 
          30.8874           -3.0136           16.0839 
          30.9075          -2.67977            17.003 
          30.9277          -2.32851           17.8115 
          30.9484          -1.95224           18.5208 
          30.9691           -1.5626           19.1032 
          30.9906          -1.14687           19.5692 
          31.0121         -0.722673           19.8908 
          31.0348         -0.267444           20.0713 
          31.0576          0.190001           20.0854 
          31.0811           0.65983           19.9257 
          31.1045           1.12385           19.5906 
           31.128           1.57741           19.0837 
          31.1514           2.01712           18.4092 
          31.1749           2.44065           17.5696 
          31.1985           2.84258           16.5746 
          31.2203           3.19362           15.5182 
          31.2422           3.52025           14.3431 
           31.263           3.80649           13.1214 
          31.2839           4.06631           11.8086 
          31.3041           4.29145           10.4563 
          31.3243           4.48855           9.03582 
          31.3441           4.65325           7.58663 
          31.3639           4.78875           6.08985 
          31.3834           4.89296           4.57636 
           31.403           4.96732           3.03495 
          31.4159                 5                 2 
          31.4289           5.01921          0.959657 
