                0                 0                 1 
              0.1         0.0993347          0.980067 
              0.2          0.194709          0.921061 
             0.35          0.322109          0.764842 
              0.5          0.420735          0.540302 
            0.725          0.496356          0.120503 
             0.95           0.47315          -0.32329 
          1.28264           0.27247         -0.838475 
          1.61528        -0.0444202         -0.996046 
          1.91062         -0.314258         -0.777797 
          2.20596         -0.477599         -0.295967 
          2.48499         -0.483504          0.254745 
          2.76401         -0.342703          0.728161 
          3.08269         -0.058763           0.99307 
          3.40138          0.248251          0.868035 
          3.68798          0.443954           0.46002 
          3.97459          0.497736        -0.0950533 
          4.26089          0.392594         -0.619258 
          4.54719           0.16221         -0.945913 
           4.8591         -0.144618         -0.957258 
          5.17102         -0.396967         -0.608003 
          5.44749         -0.497472         -0.100422 
          5.72397         -0.449709          0.437089 
          6.02684         -0.245259          0.871431 
          6.32972         0.0464669          0.995672 
          6.63778          0.325611          0.758887 
          6.94585          0.485011          0.243019 
          7.22025          0.477173         -0.298701 
          7.49465          0.329188          -0.75269 
          7.81455          0.039394         -0.996891 
          8.13444         -0.265982         -0.846767 
          8.41903         -0.452226         -0.426577 
          8.70361          -0.49588          0.128115 
          8.99154         -0.381027          0.647514 
          9.27946         -0.143278          0.958064 
          9.59071          0.162902          0.945437 
          9.90195           0.40797          0.578137 
           10.178          0.498966         0.0642719 
          10.4541           0.44168         -0.468694 
          10.7589          0.227891         -0.890091 
          11.0638        -0.0680297         -0.990701 
          11.3717         -0.341661         -0.730118 
          11.6796         -0.489766          -0.20129 
          11.9541         -0.470308           0.33947 
          12.2287         -0.312611          0.780447 
          12.5479        -0.0184991          0.999315 
          12.8671            0.2829          0.824543 
          13.1502          0.459911          0.392338 
          13.4333          0.493368         -0.162329 
          13.7227          0.368602          -0.67567 
          14.0121           0.12375         -0.968888 
          14.3228         -0.181412         -0.931858 
          14.6335          -0.41875         -0.546437 
          14.9092         -0.499821         -0.026758 
          15.1849         -0.432767          0.500851 
          15.4919         -0.209375          0.908102 
           15.799         0.0905373          0.983469 
          16.1068           0.35785          0.698409 
          16.4145          0.493801          0.156974 
          16.6892          0.462116         -0.381831 
           16.964          0.294418         -0.808253 
          17.2825       -0.00373605         -0.999972 
           17.601         -0.300424         -0.799363 
          17.8827         -0.467442         -0.354952 
          18.1644         -0.489983          0.199168 
          18.4555         -0.354541          0.705126 
          18.7465         -0.102324          0.978836 
          19.0567          0.201238          0.915431 
          19.3668          0.429815          0.510918 
          19.6421          0.499948         -0.014362 
          19.9174            0.4223         -0.535397 
          20.2271          0.188469         -0.926238 
          20.5368         -0.115372         -0.973015 
          20.8423         -0.373594         -0.664612 
          21.1478          -0.49664         -0.115736 
          21.4235         -0.453324          0.421886 
          21.6993         -0.275579          0.834401 
          22.0169         0.0257235          0.998676 
          22.3345          0.316991          0.773348 
           22.615           0.47413          0.317497 
          22.8955          0.485914          -0.23569 
          23.1882          0.339916         -0.733368 
          23.4808         0.0807438         -0.986875 
          23.7905          -0.22072          -0.89729 
          24.1002         -0.440176          -0.47432 
          24.3752         -0.499221         0.0557818 
          24.6502          -0.41102           0.56943 
          24.9627         -0.166741          0.942756 
          25.2752          0.140576          0.959663 
          25.5764          0.387678          0.631524 
          25.8775          0.498351         0.0811418 
          26.1552          0.444841          -0.45658 
          26.4329          0.257613         -0.857055 
          26.7493        -0.0457174         -0.995811 
          27.0657         -0.331341           -0.7489 
          27.3454         -0.479537         -0.283155 
          27.6251         -0.481586          0.268887 
          27.9192         -0.326027          0.758173 
          28.2133        -0.0608586          0.992565 
          28.5227          0.238252          0.879172 
           28.832          0.449037          0.439846 
          29.1068          0.497788        -0.0939685 
          29.3816          0.399958         -0.600112 
          29.6969          0.146082         -0.956368 
          30.0122         -0.163997          -0.94468 
          30.3096          -0.40048         -0.598717 
          30.6069         -0.499444        -0.0471622 
          30.8865         -0.435914          0.489813 
           31.166         -0.239654          0.877647 
          31.4813         0.0652181          0.991457 
          31.7967          0.344998          0.723813 
          32.0756          0.484271           0.24885 
          32.3545          0.476724         -0.301558 
          32.6501          0.311741         -0.781837 
          32.9458         0.0409086         -0.996647 
          33.2548          -0.25542         -0.859676 
          33.5638         -0.457242         -0.404621 
          33.8384          -0.49561          0.132217 
           34.113         -0.388227          0.630173 
          34.4314         -0.124743          0.968379 
          34.7499          0.187651          0.926903 
          35.0436          0.413062          0.563487 
          35.3374          0.499969         0.0111273 
          35.6188          0.425796         -0.524204 
          35.9003          0.220229         -0.897773 
          36.2145         -0.085794         -0.985169 
          36.5288         -0.359023         -0.695996 
           36.807         -0.488657         -0.211793 
          37.0852         -0.470877          0.336302 
          37.3825          -0.29585          0.806158 
          37.6798        -0.0192582          0.999258 
          37.9886          0.273575          0.837035 
          38.2973          0.465371          0.365678 
          38.5718          0.492404         -0.173646 
          38.8462          0.374772         -0.661955 
          39.1684          0.100842         -0.979451 
          39.4905          -0.21352         -0.904232 
          39.7805         -0.426346         -0.522413 
          40.0704         -0.499772         0.0302176 
          40.3541         -0.413353          0.562634 
          40.6378         -0.197414          0.918755 
          40.9509          0.109309          0.975811 
           41.264          0.374541          0.662478 
          41.5415          0.492863          0.168354 
           41.819          0.463248         -0.376304 
          42.1184          0.276617         -0.833026 
          42.4178       -0.00625583         -0.999922 
          42.7262         -0.294332         -0.808378 
          43.0346         -0.473905         -0.318834 
           43.309         -0.487484          0.222347 
          43.5834          -0.35793          0.698243 
          43.9047        -0.0772705          0.987986 
          44.2261          0.234223          0.883493 
          44.5137          0.436872          0.486386 
          44.8014          0.498866        -0.0673176 
          45.0867          0.401648         -0.595581 
           45.372          0.177161         -0.935124 
          45.6844         -0.129756          -0.96574 
          45.9967         -0.387661         -0.631567 
          46.2736         -0.495795         -0.129424 
          46.5505         -0.455726          0.411405 
          46.8518         -0.258838          0.855576 
          47.1532         0.0292508          0.998287 
          47.4614          0.312436          0.780727 
          47.7696          0.480611          0.275774 
          48.0439          0.481976         -0.266077 
          48.3183          0.341828         -0.729804 
          48.6388         0.0557748         -0.993759 
          48.9593          -0.25242         -0.863213 
          49.2451         -0.445805         -0.452803 
           49.531         -0.497412          0.101611 
          49.8178         -0.390243          0.625174 
          50.1045         -0.158172          0.948645 
          50.4163          0.148495          0.954881 
           50.728          0.399295          0.601875 
          51.0044          0.497838         0.0929048 
          51.2808          0.448078         -0.443741 
           51.584          0.241678         -0.875424 
          51.8873        -0.0509403         -0.994797 
          52.1953         -0.328987         -0.753041 
          52.5034          -0.48607         -0.234404 
          52.7778         -0.475825          0.307185 
          53.0522         -0.325812          0.758542 
           53.372         -0.035086          0.997535 
          53.6917          0.269506          0.842298 
           53.976          0.453857          0.419588 
          54.2602          0.495414         -0.135134 
          54.5485          0.378527         -0.653353 
          54.8367          0.139299         -0.960408 
          55.1478         -0.166707          -0.94278 
           55.459          -0.41022         -0.571732 
          55.7349         -0.499198        -0.0566267 
          56.0109         -0.439913          0.475296 
          56.3162          -0.22416          0.893873 
          56.6215         0.0726056          0.989401 
          56.9294          0.344999          0.723812 
          57.2373          0.490664          0.192345 
          57.5118          0.468729         -0.348097 
          57.7864          0.308987         -0.786198 
          58.1054         0.0140147         -0.999607 
          58.4245         -0.286474         -0.819592 
          58.7073         -0.461484         -0.384877 
          58.9901         -0.492746          0.169725 
          59.2799         -0.365837          0.681656 
          59.5696         -0.119483          0.971028 
          59.8802          0.185401          0.928712 
          60.1908          0.421017          0.539423 
          60.4664          0.499914          0.018564 
           60.742          0.430739         -0.507794 
          61.0495           0.20526         -0.911851 
          61.3571        -0.0954721         -0.981601 
          61.6649         -0.361321         -0.691222 
          61.9726         -0.494557          -0.14715 
          62.2474         -0.460176          0.391092 
          62.5221         -0.290304          0.814184 
          62.8405         0.0086708           0.99985 
          63.1589          0.304246           0.79356 
          63.4403          0.469021          0.346522 
          63.7217          0.489128         -0.207399 
          64.0131          0.351301         -0.711584 
          64.3045         0.0974779         -0.980812 
          64.6146         -0.205653         -0.911497 
          64.9246         -0.432207          -0.50278 
          65.1999          -0.49986         0.0236548 
          65.4751         -0.419834          0.543101 
          65.7854         -0.183654            0.9301 
          66.0957           0.12101          0.970272 
          66.4002          0.376768          0.657407 
          66.7046          0.497066          0.108182 
          66.9808          0.451524          -0.42954 
           67.257          0.271681         -0.839499 
          67.5744        -0.0301044         -0.998186 
          67.8917         -0.320164         -0.768101 
           68.172         -0.475361         -0.310044 
          68.4523         -0.485021          0.242935 
          68.7453         -0.336937          0.738846 
          69.0383         -0.076436          0.988246 
          69.3479          0.224554          0.893477 
          69.6575          0.442154          0.466906 
          69.9325          0.498973        -0.0640591 
          70.2074          0.408677         -0.576137 
          70.5205          0.162316         -0.945841 
          70.8336         -0.145637          -0.95664 
          71.1339         -0.390471         -0.624605 
          71.4342         -0.498631        -0.0739452 
          71.7123            -0.443          0.463686 
          71.9904         -0.253836           0.86155 
          72.3066         0.0498573          0.995016 
          72.6228          0.334269          0.743677 
          72.9022          0.480588          0.275939 
          73.1817          0.480608           -0.2758 
          73.4762          0.323056         -0.763243 
          73.7706         0.0566693         -0.993556 
          74.0799         -0.241892         -0.875187 
          74.3892         -0.450817         -0.432502 
          74.6639         -0.497392          0.102006 
          74.9386         -0.397547          0.606485 
          75.2546         -0.141653           0.95903 
          75.5706           0.16895          0.941182 
          75.8672          0.403146          0.591517 
          76.1637          0.499605          0.039757 
          76.4437           0.43389          -0.49695 
          76.7236          0.235695         -0.881924 
          77.0387         -0.069454         -0.990305 
          77.3538         -0.347918           -0.7182 
          77.6326         -0.485226         -0.241294 
          77.9113         -0.475581          0.308689 
          78.2073          -0.30854          0.786901 
          78.5033        -0.0365022          0.997332 
          78.8123          0.259155          0.855193 
          79.1212          0.458962          0.396756 
          79.3958          0.495029         -0.140656 
          79.6703           0.38555         -0.636713 
          79.9895          0.119943         -0.970801 
          80.3086         -0.192898         -0.922584 
          80.6016           -0.4158         -0.555375 
          80.8946         -0.499998       -0.00290368 
          81.1765         -0.423393          0.531934 
          81.4583         -0.215737          0.902125 
          81.7724          0.090478          0.983491 
          82.0864          0.362158          0.689467 
          82.3645          0.489565          0.203233 
          82.6425           0.46944         -0.344247 
          82.9402          0.292112         -0.811592 
           83.238         0.0142422         -0.999594 
          83.5466          -0.27771          -0.83157 
          83.8553         -0.467138          -0.35655 
          84.1297         -0.491535          0.183232 
          84.4042         -0.371546           0.66919 
          84.7263        -0.0960635           0.98137 
          85.0485          0.217942          0.900003 
          85.3379           0.42861          0.514952 
          85.6273          0.499641        -0.0378645 
          85.9114          0.410985         -0.569531 
          86.1954          0.193235         -0.922302 
          86.5084         -0.113562         -0.973866 
          86.8213         -0.377302         -0.656181 
          87.0987         -0.493531         -0.160341 
           87.376         -0.461753          0.383585 
          87.6758            -0.273          0.837786 
          87.9756         0.0109783          0.999759 
           88.284          0.298097          0.802841 
          88.5924          0.475359          0.310056 
          88.8667          0.486436          -0.23134 
          89.1411          0.354696         -0.704815 
          89.4622         0.0728919         -0.989317 
          89.7834         -0.237966         -0.879482 
          90.0707         -0.438737         -0.479623 
          90.3579          -0.49862         0.0742538 
          90.6436         -0.399388           0.60163 
          90.9292         -0.173345           0.93798 
          91.2414          0.133556          0.963665 
          91.5536          0.390051          0.625652 
          91.8304           0.49626          0.122084 
          92.1072          0.454235          -0.41795 
          92.4089          0.255427         -0.859667 
          92.7106        -0.0336008         -0.997739 
          93.0188         -0.315797           -0.7753 
           93.327         -0.481774         -0.267536 
          93.6013         -0.480817          0.274332 
          93.8757         -0.338681           0.73565 
           94.196        -0.0516578          0.994649 
          94.5164          0.255853           0.85916 
          94.8019          0.447451          0.446263 
          95.0874          0.497062         -0.108244 
          95.3745          0.387969         -0.630809 
          95.6615          0.154463         -0.951086 
          95.9731         -0.152106         -0.952604 
          96.2847         -0.401492            -0.596 
           96.561         -0.498157         -0.085773 
          96.8374         -0.446517          0.449989 
           97.141         -0.238272          0.879151 
          97.4447         0.0551899           0.99389 
          97.7527          0.332169          0.747433 
          98.0607          0.487039          0.226213 
          98.3351          0.474509         -0.315222 
          98.6096          0.322578         -0.764051 
          98.9292         0.0309851         -0.998078 
          99.2488         -0.272843          -0.83799 
          99.5327         -0.455388         -0.412902 
          99.8167         -0.494945          0.141833 
          100.105         -0.376117          0.658896 
          100.394          -0.13549          0.962585 
          100.705          0.170335          0.940183 
          101.016          0.412349          0.565572 
          101.292          0.499392         0.0493065 
          101.568          0.438197         -0.481595 
          101.873          0.220567         -0.897441 
          102.179        -0.0769923         -0.988073 
          102.487         -0.348177           -0.7177 
          102.795         -0.491488         -0.183739 
          103.069         -0.467174          0.356361 
          103.344         -0.305478          0.791665 
          103.663       -0.00969842          0.999812 
          103.982          0.289895          0.814766 
          104.264          0.462973          0.377657 
          104.547          0.492118          -0.17686 
          104.837          0.363141         -0.687396 
          105.127           0.11535         -0.973025 
          105.437         -0.189245         -0.925606 
          105.748         -0.423183         -0.532602 
          106.023         -0.499972        -0.0106301 
          106.299         -0.428749          0.514489 
          106.607         -0.201252          0.915418 
          106.915          0.100257          0.979691 
          107.223           0.36466          0.684173 
          107.531          0.495245          0.137587 
          107.805          0.458244         -0.400062 
           108.08          0.286271         -0.819876 
          108.398        -0.0134762         -0.999637 
          108.717         -0.307944         -0.787833 
          108.998         -0.470525         -0.338267 
          109.279          -0.48826          0.215431 
          109.571         -0.348103          0.717842 
          109.862         -0.092727          0.982653 
          110.172          0.209956          0.907564 
          110.482          0.434514          0.494765 
          110.758          0.499732        -0.0327624 
          111.033           0.41738         -0.550615 
          111.344          0.178901         -0.933798 
          111.654         -0.126544         -0.967443 
          111.958         -0.379871         -0.650224 
          112.262          -0.49746         -0.100661 
          112.538         -0.449703          0.437116 
          112.815         -0.267786          0.844489 
          113.132         0.0344569          0.997623 
          113.449          0.323301          0.762827 
          113.729          0.476559            0.3026 
          114.009          0.484104          -0.25015 
          114.302          0.333942         -0.744266 
          114.596         0.0721287          -0.98954 
          114.905         -0.228368         -0.889603 
          115.215         -0.444099         -0.459463 
           115.49          -0.49869         0.0723329 
          115.765         -0.406304           0.58281 
          116.078         -0.157863           0.94885 
          116.392          0.150704          0.953495 
          116.691          0.393252          0.617584 
          116.991          0.498888         0.0666583 
          117.269          0.441108         -0.470844 
          117.548          0.249998         -0.866028 
          117.864        -0.0540434         -0.994142 
           118.18         -0.337215          -0.73834 
          118.459         -0.481625         -0.268605 
          118.738         -0.479589          0.282803 
          119.033         -0.320018          0.768345 
          119.328        -0.0524081          0.994492 
          119.637          0.245576          0.871074 
          119.946          0.452596          0.425003 
          120.221          0.496956         -0.110178 
          120.496          0.395067         -0.612935 
          120.812           0.13712         -0.961661 
          121.129         -0.173996         -0.937498 
          121.425         -0.405845         -0.584087 
          121.721         -0.499742        -0.0321367 
          122.001         -0.431777          0.504257 
          122.281         -0.231604           0.88625 
          122.596         0.0738087          0.989045 
          122.911          0.350903          0.712368 
           123.19           0.48618          0.233486 
          123.468          0.474374         -0.316033 
          123.765          0.305211         -0.792077 
          124.061          0.031945         -0.997957 
           124.37         -0.262996         -0.850489 
          124.679         -0.460706         -0.388588 
          124.953          -0.49439           0.14938 
          125.228         -0.382749          0.643439 
          125.548         -0.114945          0.973217 
          125.868          0.198335          0.917962 
           126.16          0.418614          0.546855 
          126.452          0.499992       -0.00570334 
          126.734          0.420839         -0.539979 
          127.017          0.211012         -0.906585 
           127.33        -0.0953765         -0.981638 
          127.644         -0.365414         -0.682562 
          127.922         -0.490478         -0.194231 
            128.2         -0.467893          0.352568 
          128.498         -0.288154          0.817233 
          128.796       -0.00896153          0.999839 
          129.105          0.282035          0.825727 
          129.414          0.468952          0.346897 
          129.688          0.490568         -0.193317 
          129.962          0.368105         -0.676754 
          130.284         0.0912563         -0.983204 
          130.606         -0.222139         -0.895889 
          130.895         -0.430762         -0.507717 
          131.184         -0.499486         0.0453467 
          131.469         -0.408653          0.576205 
          131.753         -0.189171          0.925666 
          132.066          0.117686          0.971905 
          132.378          0.379965          0.650004 
          132.656           0.49415          0.152525 
          132.933          0.460268         -0.390657 
          133.233          0.269451         -0.842369 
          133.533        -0.0155904         -0.999514 
          133.842          -0.30175         -0.797363 
           134.15         -0.476741         -0.301452 
          134.424         -0.485372          0.240116 
          134.699         -0.351501          0.711188 
           135.02        -0.0685983          0.990544 
          135.341          0.241619           0.87549 
          135.628          0.440544          0.472953 
          135.914          0.498354        -0.0810807 
            136.2           0.39714         -0.607552 
          136.486          0.169577         -0.940731 
          136.798         -0.137291         -0.961564 
           137.11         -0.392386         -0.619786 
          137.387         -0.496692         -0.114837 
          137.664          -0.45274           0.42439 
          137.966         -0.252041          0.863656 
          138.268         0.0379003          0.997123 
          138.576          0.319098          0.769874 
          138.884           0.48289          0.259364 
          139.159          0.479636         -0.282487 
          139.433          0.335539         -0.741387 
          139.753         0.0475727         -0.995463 
          140.073         -0.259244         -0.855085 
          140.359         -0.449063         -0.439739 
          140.644         -0.496692          0.114845 
          140.931         -0.385685          0.636387 
          141.219         -0.150759           0.95346 
           141.53          0.155696          0.950281 
          141.841          0.403662           0.59011 
          142.118          0.498451         0.0786533 
          142.394          0.444938         -0.456205 
          142.698          0.234853         -0.882823 
          143.002        -0.0594368         -0.992909 
           143.31         -0.335329         -0.741767 
          143.618         -0.487975         -0.217998 
          143.892         -0.473157          0.323249 
          144.167         -0.319314          0.769516 
          144.486        -0.0268711          0.998555 
          144.806          0.276173          0.833615 
           145.09          0.456901          0.406161 
          145.373          0.494451          -0.14857 
          145.662          0.373671          -0.66444 
          145.951          0.131645         -0.964717 
          146.262          -0.17398          -0.93751 
          146.573         -0.414472         -0.559331 
          146.848         -0.499561        -0.0419202 
          147.124         -0.436442          0.487927 
           147.43         -0.216921          0.900989 
          147.737         0.0814237          0.986651 
          148.044          0.351364          0.711458 
          148.352          0.492283          0.175015 
          148.627          0.465562         -0.364702 
          148.902          0.301897         -0.797141 
           149.22        0.00532095         -0.999943 
          149.539         -0.293346         -0.809811 
          149.821         -0.464457         -0.370298 
          150.104         -0.491453          0.184113 
          150.394         -0.360374          0.693197 
          150.684         -0.111132          0.974986 
          150.995          0.193148          0.922375 
          151.305          0.425362          0.525612 
          151.581          0.499998        0.00253609 
          151.856           0.42669          -0.52129 
          152.165          0.197139         -0.918991 
          152.473         -0.105145         -0.977639 
          152.781         -0.367808           -0.6774 
          153.088         -0.495812         -0.129157 
          153.363         -0.456453          0.408172 
          153.638         -0.282477          0.825123 
          153.956          0.017914          0.999358 
          154.274          0.311295          0.782548 
          154.555          0.471872          0.330679 
          154.836           0.48743         -0.222817 
          155.128          0.345137         -0.723549 
           155.42         0.0883539         -0.984263 
           155.73         -0.213899         -0.903875 
           156.04         -0.436605         -0.487344 
          156.315         -0.499576         0.0411525 
           156.59         -0.415088          0.557502 
          156.901         -0.174493          0.937128 
          157.213          0.131651          0.964714 
          157.516          0.382723          0.643499 
          157.818          0.497804         0.0936314 
          158.095          0.447974         -0.444159 
          158.372          0.264133         -0.849079 
          158.689        -0.0385181         -0.997028 
          159.006         -0.326214         -0.757851 
          159.286         -0.477653         -0.295618 
          159.566          -0.48322          0.256896 
          159.859         -0.331115          0.749301 
          160.153        -0.0680851          0.990686 
          160.462           0.23193          0.885909 
          160.772          0.445895          0.452448 
          161.047          0.498394        -0.0800978 
          161.322           0.40405         -0.589044 
          161.636          0.153658         -0.951607 
           161.95         -0.155468         -0.950431 
          162.249         -0.395855         -0.610898 
          162.548         -0.499107        -0.0597347 
          162.826         -0.439286           0.47761 
          163.105         -0.246337          0.870214 
          163.421         0.0580158          0.993246 
          163.737          0.339995          0.733222 
          164.016          0.482587          0.261613 
          164.295          0.478595          -0.28946 
           164.59          0.317104         -0.773163 
          164.885          0.048341         -0.995315 
          165.194         -0.249073         -0.867093 
          165.503         -0.454265         -0.417818 
          165.778         -0.496508          0.117976 
          166.053         -0.392672           0.61906 
           166.37         -0.132767          0.964102 
          166.687          0.178819           0.93386 
          166.982           0.40841          0.576894 
          167.277          0.499846         0.0247804 
          167.558          0.429709         -0.511274 
          167.839          0.227637         -0.890351 
          168.154        -0.0780085         -0.987754 
          168.468         -0.353764         -0.706685 
          168.747         -0.487073         -0.225919 
          169.025         -0.473178          0.323126 
          169.322         -0.301964          0.797039 
          169.618        -0.0275235          0.998484 
          169.927          0.266702           0.84586 
          170.236          0.462363          0.380633 
          170.511          0.493732         -0.157841 
          170.785          0.379998         -0.649927 
          171.106          0.110062         -0.975472 
          171.427         -0.203618         -0.913323 
          171.718         -0.421326         -0.538459 
          172.009          -0.49995         0.0141538 
          172.292         -0.418294          0.547831 
          172.575         -0.206348          0.910869 
          172.888          0.100182          0.979721 
          173.202          0.368585          0.675708 
           173.48          0.491336          0.185352 
          173.758          0.466332         -0.360744 
          174.056          0.284221         -0.822723 
          174.355        0.00374574         -0.999972 
          174.663         -0.286277         -0.819867 
          174.972         -0.470695          -0.33732 
          175.246         -0.489561          0.203273 
          175.521         -0.364661          0.684172 
          175.842        -0.0864849          0.984927 
          176.164          0.226283          0.891731 
          176.453          0.432872          0.500487 
          176.741          0.499302        -0.0528093 
          177.026            0.4063         -0.582823 
           177.31          0.185104         -0.928949 
          177.623         -0.121792          -0.96988 
          177.936           -0.3826         -0.643792 
          178.213         -0.494738         -0.144704 
           178.49         -0.458756          0.397707 
           178.79         -0.265879          0.846897 
          179.091         0.0202104          0.999183 
          179.399          0.305387          0.791805 
          179.708          0.478087            0.2928 
          179.982          0.484264         -0.248902 
          180.256          0.348265         -0.717528 
          180.577         0.0642791         -0.991702 
          180.898         -0.245275         -0.871414 
          181.184         -0.442339         -0.466204 
          181.471         -0.498061         0.0879726 
          181.757         -0.394848          0.613499 
          182.043         -0.165761          0.943448 
          182.355          0.141057          0.959381 
          182.667          0.394724          0.613819 
          182.944          0.497103          0.107498 
          183.221          0.451203         -0.430888 
          183.523          0.248592         -0.867645 
          183.825        -0.0422592         -0.996422 
          184.134         -0.322424          -0.76431 
          184.442         -0.483987         -0.251051 
          184.716           -0.4784          0.290749 
           184.99          -0.33232          0.747163 
           185.31        -0.0434152          0.996223 
          185.631          0.262678          0.850883 
          185.915          0.450682          0.433065 
            186.2          0.496291         -0.121582 
          186.488          0.383331          -0.64205 
          186.776          0.146967         -0.955826 
          187.087         -0.159357         -0.947851 
          187.398         -0.405858         -0.584053 
          187.674         -0.498725        -0.0713634 
          187.951         -0.443298          0.462546 
          188.255         -0.231334          0.886532 
           188.56         0.0637901          0.991828 
          188.867          0.338547          0.735897 
          189.175          0.488899          0.209548 
           189.45          0.471733          -0.33147 
          189.724          0.315934         -0.775075 
          190.044         0.0226378         -0.998975 
          190.363         -0.279583         -0.829056 
          190.646         -0.458434         -0.399189 
           190.93         -0.493916          0.155519 
          191.219         -0.371123          0.670127 
          191.508         -0.127665          0.966854 
          191.819          0.177735          0.934688 
           192.13          0.416643          0.552844 
          192.405          0.499706         0.0342754 
          192.681          0.434601         -0.494456 
          192.988          0.213127         -0.904604 
          193.294         -0.086016         -0.985091 
          193.602         -0.354644         -0.704918 
           193.91         -0.493068          -0.16594 
          194.185         -0.463848          0.373337 
          194.459         -0.298148          0.802765 
          194.778       -0.00076639          0.999999 
          195.097          0.296916           0.80459 
          195.379          0.465972          0.362601 
          195.661          0.490729         -0.191676 
          195.951          0.357459         -0.699208 
          196.242          0.106717         -0.976958 
          196.552         -0.197214         -0.918927 
          196.863         -0.427611         -0.518262 
          197.138         -0.499991        0.00593603 
          197.413         -0.424505          0.528378 
          197.722         -0.192806          0.922661 
          198.032          0.110269          0.975379 
          198.338          0.370711          0.671039 
          198.644          0.496236          0.122479 
           198.92          0.454908         -0.415014 
          199.195          0.279049         -0.829775 
          199.513         -0.021804         -0.999049 
          199.831         -0.314138          -0.77799 
          200.111         -0.473006         -0.324129 
          200.392         -0.486687          0.229222 
          200.685          -0.34255          0.728449 
          200.977        -0.0845743          0.985591 
          201.287          0.217295          0.900629 
          201.596          0.438391          0.480887 
          201.872          0.499414        -0.0484192 
          202.147          0.413079         -0.563439 
          202.459          0.170654         -0.939952 
          202.771         -0.136081         -0.962252 
          203.072         -0.385188         -0.637591 
          203.374         -0.498084        -0.0874643 
          203.652         -0.446437          0.450307 
          203.929         -0.260919          0.853045 
          204.246         0.0420754          0.996453 
          204.562          0.328753          0.753449 
          204.842          0.478593          0.289473 
          205.122          0.482423         -0.262816 
          205.416          0.328613         -0.753693 
           205.71         0.0645237         -0.991639 
          206.019         -0.235053          -0.88261 
          206.328         -0.447455         -0.446248 
          206.603         -0.498107         0.0869347 
          206.878         -0.402044          0.594511 
          207.193         -0.149934          0.953981 
          207.508          0.159669          0.947641 
          207.806          0.398138          0.604933 
          208.104          0.499282         0.0535705 
          208.383          0.437643         -0.483607 
          208.662          0.243066         -0.873885 
          208.978        -0.0615487         -0.992395 
          209.293         -0.342455         -0.728628 
          209.572         -0.483422         -0.255366 
          209.851         -0.477688           0.29539 
          210.147         -0.314486          0.777428 
          210.442        -0.0447046          0.995995 
          210.751          0.252186          0.863487 
           211.06          0.455734          0.411373 
          211.335          0.496082         -0.124945 
          211.609          0.390509          -0.62451 
          211.927          0.128852         -0.966224 
          212.245         -0.183137         -0.930507 
          212.539         -0.410692         -0.570377 
          212.834         -0.499918        -0.0181345 
          213.115         -0.427817          0.517583 
          213.396         -0.224039          0.893995 
           213.71         0.0817997          0.986527 
          214.025          0.356332          0.701505 
          214.303          0.487856          0.219056 
          214.582          0.472071         -0.329538 
          214.879          0.299003         -0.801492 
          215.176         0.0235098         -0.998894 
          215.484         -0.270048         -0.841603 
          215.793         -0.463838         -0.373385 
          216.068         -0.493103          0.165518 
          216.342         -0.377474          0.655784 
          216.663           -0.1056          0.977443 
          216.985          0.208423          0.908978 
          217.276          0.423772          0.530725 
          217.566           0.49988        -0.0219106 
          217.849          0.415925            -0.555 
          218.133          0.202045         -0.914719 
          218.446         -0.104591         -0.977877 
          218.759         -0.371472         -0.669353 
          219.037         -0.492091         -0.177163 
          219.315         -0.464863          0.368255 
          219.614          -0.28057          0.827721 
          219.913        0.00106946          0.999998 
          220.221          0.290168          0.814377 
           220.53          0.472263           0.32844 
          220.804          0.488585         -0.212459 
          221.078          0.361441         -0.690972 
            221.4         0.0820593         -0.986441 
          221.721         -0.230107         -0.887808 
          222.009         -0.434806         -0.493737 
          222.298         -0.499106          0.059762 
          222.583         -0.404083          0.588954 
          222.868         -0.181304          0.931942 
           223.18          0.125612          0.967929 
          223.493          0.385036          0.637958 
           223.77          0.495258          0.137394 
          224.047          0.457319         -0.404273 
          224.347          0.262521         -0.851077 
          224.648        -0.0245329         -0.998796 
          224.957         -0.308768         -0.786542 
          225.265         -0.479312         -0.284675 
          225.539          -0.48319          0.257117 
          225.814         -0.345205          0.723419 
          226.134        -0.0602216           0.99272 
          226.455          0.248693           0.86753 
          226.741          0.444004          0.459829 
          227.027          0.497764        -0.0944684 
          227.314          0.392666         -0.619075 
            227.6          0.162152         -0.945953 
          227.912         -0.144602         -0.957268 
          228.224          -0.39691         -0.608152 
          228.501         -0.497466         -0.100559 
          228.777         -0.449728          0.437011 
           229.08         -0.245314          0.871369 
          229.383         0.0463847          0.995688 
          229.691          0.325553          0.758986 
          229.999          0.484994          0.243154 
          230.273          0.477195         -0.298563 
          230.548          0.329244         -0.752592 
          230.868          0.039465          -0.99688 
          231.187         -0.265925         -0.846839 
          231.472         -0.452199         -0.426691 
          231.757         -0.495887             0.128 
          232.045         -0.381067          0.647418 
          232.332         -0.143342          0.958025 
          232.644           0.16284           0.94548 
          232.955          0.407933          0.578241 
          233.231          0.498962         0.0643964 
          233.507          0.441709         -0.468586 
          233.812          0.227952         -0.890029 
          234.117        -0.0679552         -0.990721 
          234.425         -0.341606          -0.73022 
          234.733         -0.489751         -0.201435 
          235.007         -0.470334          0.339329 
          235.282          -0.31267          0.780353 
          235.601         -0.018572           0.99931 
           235.92          0.282841          0.824623 
          236.203          0.459885          0.392459 
          236.486          0.493378         -0.162209 
          236.776          0.368647         -0.675573 
          237.065           0.12382         -0.968852 
          237.376         -0.181347         -0.931908 
          237.687         -0.418713         -0.546551 
          237.962         -0.499819        -0.0268907 
          238.238         -0.432799          0.500738 
          238.545         -0.209441          0.908041 
          238.852         0.0904574          0.983499 
           239.16          0.357793          0.698524 
          239.468          0.493789          0.157132 
          239.742          0.462147         -0.381681 
          240.017          0.294484         -0.808156 
          240.335        -0.0036563         -0.999973 
          240.654         -0.300362         -0.799456 
          240.936         -0.467417         -0.355088 
          241.217         -0.489996          0.199036 
          241.508         -0.354593          0.705021 
            241.8         -0.102402          0.978803 
           242.11          0.201167          0.915493 
           242.42          0.429776          0.511049 
          242.695           0.49995        -0.0142122 
           242.97           0.42234         -0.535272 
           243.28          0.188546         -0.926176 
           243.59         -0.115281         -0.973058 
          243.895         -0.373543         -0.664727 
          244.201         -0.496633         -0.115856 
          244.477         -0.453353          0.421763 
          244.752         -0.275641          0.834319 
           245.07         0.0256533          0.998683 
          245.388           0.31694          0.773432 
          245.668           0.47411          0.317616 
          245.949          0.485928         -0.235574 
          246.241          0.339963         -0.733281 
          246.534         0.0808125         -0.986852 
          246.844         -0.220659         -0.897351 
          247.153         -0.440144         -0.474438 
          247.428         -0.499225         0.0556496 
          247.703         -0.411057          0.569323 
          248.016         -0.166811          0.942707 
          248.328          0.140495          0.959711 
          248.629          0.387634          0.631633 
          248.931          0.498347          0.081256 
          249.208           0.44487         -0.456467 
          249.486          0.257672         -0.856983 
          249.802        -0.0456517         -0.995823 
          250.119         -0.331295         -0.748983 
          250.398          -0.47952         -0.283269 
          250.678         -0.481601          0.268777 
          250.972         -0.326074          0.758093 
          251.266         -0.060925          0.992549 
          251.576          0.238195          0.879235 
          251.885          0.449008          0.439962 
           252.16          0.497794        -0.0938412 
          252.435          0.399996         -0.600011 
           252.75          0.146152         -0.956326 
          253.065         -0.163918         -0.944735 
          253.363         -0.400438         -0.598831 
           253.66         -0.499441        -0.0472788 
          253.939         -0.435945            0.4897 
          254.219         -0.239716          0.877579 
          254.534         0.0651514          0.991474 
           254.85          0.344952          0.723901 
          255.129          0.484256          0.248969 
          255.408          0.476742         -0.301446 
          255.703          0.311792         -0.781757 
          255.999         0.0409779         -0.996636 
          256.308         -0.255361         -0.859746 
          256.617         -0.457215         -0.404745 
          256.891         -0.495619          0.132085 
          257.166         -0.388269           0.63007 
          257.484         -0.124818           0.96834 
          257.803          0.187569          0.926969 
          258.097          0.413019          0.563614 
           258.39          0.499968         0.0112558 
          258.672          0.425834         -0.524083 
          258.953          0.220299         -0.897705 
          259.268        -0.0857208         -0.985194 
          259.582         -0.358974         -0.696097 
           259.86         -0.488643         -0.211926 
          260.138         -0.470899          0.336178 
          260.436         -0.295909          0.806072 
          260.733        -0.0193364          0.999252 
          261.042           0.27351           0.83712 
           261.35          0.465343           0.36582 
          261.625          0.492417         -0.173497 
          261.899          0.374822         -0.661842 
          262.221           0.10093         -0.979414 
          262.543         -0.213426         -0.904321 
          262.833         -0.426299         -0.522567 
          263.123         -0.499774         0.0300639 
          263.407         -0.413401          0.562494 
          263.691           -0.1975          0.918681 
          264.004          0.109221           0.97585 
          264.317          0.374484          0.662606 
          264.595          0.492849          0.168517 
          264.872          0.463278         -0.376155 
          265.171           0.27669         -0.832929 
          265.471       -0.00615962         -0.999924 
          265.779         -0.294255          -0.80849 
          266.088         -0.473875         -0.319013 
          266.362         -0.487505          0.222163 
          266.636         -0.357996          0.698109 
          266.958        -0.0773595          0.987959 
          267.279          0.234146          0.883574 
          267.567          0.436834          0.486523 
          267.854          0.498871        -0.0671767 
           268.14          0.401693         -0.595457 
          268.425          0.177238         -0.935065 
          268.737         -0.129679         -0.965781 
           269.05         -0.387612         -0.631686 
          269.327         -0.495785         -0.129573 
          269.603         -0.455756          0.411272 
          269.905         -0.258907          0.855493 
          270.206         0.0291626          0.998298 
          270.514          0.312368          0.780836 
          270.823          0.480587           0.27594 
          271.097          0.481999         -0.265909 
          271.371          0.341892         -0.729685 
          271.692         0.0558581          -0.99374 
          272.012          -0.25235         -0.863295 
          272.298         -0.445772         -0.452935 
          272.584         -0.497419          0.101477 
          272.871         -0.390288           0.62506 
          273.158         -0.158247          0.948595 
          273.469          0.148422          0.954926 
          273.781          0.399251          0.601993 
          274.057          0.497831         0.0930487 
          274.334          0.448109         -0.443615 
          274.637          0.241747         -0.875348 
           274.94        -0.0508546         -0.994814 
          275.248         -0.328922         -0.753154 
          275.556          -0.48605         -0.234569 
          275.831         -0.475851          0.307023 
          276.105         -0.325877          0.758431 
          276.425        -0.0351686          0.997523 
          276.745          0.269439          0.842384 
          277.029          0.453826          0.419723 
          277.313          0.495423            -0.135 
          277.601          0.378575         -0.653242 
           277.89          0.139376         -0.960363 
          278.201         -0.166634         -0.942832 
          278.512         -0.410177         -0.571855 
          278.788         -0.499194        -0.0567737 
          279.064         -0.439947           0.47517 
          279.369         -0.224232          0.893801 
          279.675         0.0725176          0.989427 
          279.982          0.344935          0.723934 
           280.29          0.490647          0.192518 
          280.565           0.46876         -0.347931 
          280.839          0.309057         -0.786088 
          281.158         0.0141011         -0.999602 
          281.478         -0.286405         -0.819688 
           281.76         -0.461454         -0.385021 
          282.043         -0.492758          0.169582 
          282.333          -0.36589          0.681541 
          282.623         -0.119565          0.970988 
          282.933          0.185324          0.928774 
          283.244          0.420974          0.539559 
          283.519          0.499912         0.0187226 
          283.795          0.430779          -0.50766 
          284.103           0.20534         -0.911779 
           284.41        -0.0953766         -0.981638 
          284.718         -0.361254         -0.691362 
          285.026         -0.494543          -0.14734 
            285.3         -0.460214          0.390913 
          285.575         -0.290384           0.81407 
          285.894        0.00857504          0.999853 
          286.212          0.304172          0.793673 
          286.493          0.468991          0.346686 
          286.775          0.489145         -0.207239 
          287.066          0.351364         -0.711459 
          287.358         0.0975722         -0.980775 
          287.668         -0.205567         -0.911575 
          287.978         -0.432161         -0.502939 
          288.253         -0.499862         0.0234739 
          288.528         -0.419882          0.542951 
          288.838         -0.183748          0.930026 
          289.149            0.1209          0.970326 
          289.453          0.376706          0.657548 
          289.758          0.497058           0.10833 
          290.034           0.45156          -0.42939 
           290.31          0.271757           -0.8394 
          290.627        -0.0300185         -0.998196 
          290.945         -0.320102         -0.768205 
          291.225         -0.475337         -0.310191 
          291.505         -0.485039          0.242793 
          291.798         -0.336996          0.738739 
          292.091        -0.0765208           0.98822 
          292.401          0.224479          0.893553 
          292.711          0.442115          0.467052 
          292.985          0.498978        -0.0638963 
           293.26          0.408723         -0.576006 
          293.574          0.162403         -0.945781 
          293.887         -0.145537           -0.9567 
          294.187         -0.390416         -0.624742 
          294.487         -0.498626        -0.0740877 
          294.765         -0.443037          0.463546 
          295.043         -0.253911          0.861462 
           295.36         0.0497753          0.995033 
          295.676          0.334212          0.743781 
          295.955          0.480567          0.276082 
          296.235          0.480627         -0.275663 
          296.529          0.323115         -0.763143 
          296.824         0.0567525         -0.993538 
          297.133          -0.24182         -0.875267 
          297.442         -0.450782         -0.432648 
          297.717           -0.4974          0.101846 
          297.992         -0.397596          0.606359 
          298.308         -0.141741          0.958978 
          298.624          0.168852          0.941253 
           298.92          0.403093          0.591661 
          299.217          0.499602         0.0399049 
          299.497           0.43393         -0.496808 
          299.777          0.235775          -0.88184 
          300.092        -0.0693695         -0.990329 
          300.407          -0.34786         -0.718313 
          300.686         -0.485207         -0.241445 
          300.964         -0.475605          0.308547 
           301.26         -0.308604            0.7868 
          301.556        -0.0365905          0.997319 
          301.865           0.25908          0.855283 
          302.174          0.458928          0.396914 
          302.449          0.495041         -0.140487 
          302.723          0.385604         -0.636583 
          303.042          0.120039         -0.970754 
          303.362         -0.192793         -0.922672 
          303.655         -0.415745         -0.555539 
          303.948         -0.499998       -0.00306938 
          304.229         -0.423442          0.531779 
          304.511         -0.215828          0.902039 
          304.825         0.0903837          0.983526 
          305.139          0.362096            0.6896 
          305.417          0.489547          0.203406 
          305.696          0.469469         -0.344087 
          305.993          0.292188         -0.811483 
          306.291         0.0143436         -0.999589 
            306.6         -0.277627         -0.831682 
          306.908         -0.467103         -0.356735 
          307.183         -0.491553          0.183038 
          307.457         -0.371611          0.669044 
          307.779        -0.0961556          0.981334 
          308.102          0.217861          0.900081 
          308.391          0.428568           0.51509 
           308.68          0.499644        -0.0377215 
          308.964          0.411029         -0.569403 
          309.248          0.193312         -0.922237 
          309.561         -0.113484         -0.973903 
          309.874         -0.377251         -0.656299 
          310.152         -0.493519          -0.16049 
          310.429         -0.461781          0.383449 
          310.729         -0.273067          0.837698 
          311.029         0.0108904          0.999763 
          311.337          0.298027          0.802945 
          311.645          0.475332           0.31022 
           311.92          0.486456         -0.231173 
          312.194          0.354756         -0.704693 
          312.515         0.0729737         -0.989293 
          312.836         -0.237896         -0.879558 
          313.124         -0.438703          -0.47975 
          313.411         -0.498625         0.0741241 
          313.697          -0.39943          0.601517 
          313.982         -0.173416          0.937927 
          314.159      -7.30634e-08                 1 
          314.336          0.173416          0.937927 
