          1.59726           1.62827      -2.23926e-09 
          6.42231           2.90095      -2.67351e-10 
          11.1595           1.96296      -3.60258e-10 
          15.6383        0.00277981        2.1245e-10 
          20.2006           2.04757      -1.34783e-09 
          24.9172           2.88944       -1.7418e-13 
          29.7685            1.5286      -2.00723e-09 
          33.9009          0.248739      -6.52921e-09 
           38.773           2.39338      -1.49365e-09 
          43.4206           2.77539      -2.43654e-10 
           48.376           1.03654      -7.17891e-09 
          52.3358          0.724375       -2.0448e-09 
           57.312           2.65924      -1.71619e-11 
          61.9421           2.56492      -3.04208e-09 
          66.9015          0.524888       -1.6602e-11 
          70.9044            1.2358       2.43591e-10 
           75.825           2.83201      -3.55125e-10 
          80.4944           2.26595      -2.20047e-09 
          85.2661          0.109905      -8.73868e-10 
            89.52           1.70798       -4.0907e-11 
          94.3238           2.90673      -2.72265e-10 
          99.0793            1.8908      -5.16635e-10 
          103.489         0.0184954      -1.44144e-10 
          108.118           2.11454       3.26464e-09 
          112.819           2.87636      -1.12685e-12 
          117.692           1.44459      -1.65571e-09 
          121.779          0.323847       3.47748e-10 
          126.685           2.44692      -1.90935e-09 
          131.325           2.74494      -4.35474e-10 
          136.292          0.945167      -5.56276e-09 
          140.243          0.816118      -3.74671e-09 
          145.218           2.69701       1.53486e-10 
          149.851           2.51775      -3.94262e-09 
          154.793          0.438524      -4.87339e-09 
          158.826            1.3237      -2.94329e-10 
          163.728           2.85263      -4.46814e-10 
           168.41           2.20463      -6.86495e-10 
          173.126          0.063308      -5.54732e-09 
          177.442           1.78557      -6.51739e-10 
          182.225           2.90912      -2.60583e-10 
              187           1.81634      -1.57741e-10 
          191.343         0.0478037      -1.10583e-10 
          196.035           2.17915      -1.12413e-10 
          200.722            2.8601      -8.60331e-12 
          205.615           1.35885       -9.3915e-09 
          209.663          0.404572       2.28478e-10 
          214.596           2.49788      -1.10981e-09 
           219.23           2.71144      -7.12823e-10 
          224.204          0.853325      -3.21892e-10 
          228.154          0.908033      -7.41874e-09 
          233.124           2.73175       1.01037e-10 
          237.762           2.46786      -4.44867e-09 
          242.679           0.35592      -6.83748e-09 
          246.749           1.41009      -2.54234e-09 
          251.631           2.87016      -5.34302e-10 
          256.326           2.14097      -9.15383e-09 
          260.981         0.0287678      -6.89756e-09 
          265.363           1.86094      -2.45186e-09 
          270.127           2.90811      -2.36067e-10 
          274.922           1.73964      -5.06048e-11 
          279.201         0.0896827      -1.05946e-09 
           283.95           2.24142      -4.78247e-10 
          288.625           2.84072      -2.64226e-11 
          293.538           1.27154      -9.43526e-10 
          297.552          0.489559      -6.82339e-09 
          302.505           2.54617      -4.55055e-09 
          307.136           2.67489      -1.07519e-09 
          312.113          0.761447      -9.73423e-09 
          316.068          0.999643       2.96206e-10 
          321.028           2.76343       3.05922e-10 
          325.673           2.41535      -4.18613e-09 
           330.56          0.278366      -3.52396e-09 
          334.673           1.49482      -6.82242e-09 
          339.533           2.88454      -6.16942e-10 
          344.243           2.07496      -1.28307e-10 
          348.833         0.0074544      -3.56409e-10 
          353.283           1.93404      -3.97257e-09 
          358.028            2.9037      -2.03493e-10 
          362.844           1.66078      -5.65799e-10 
          367.063          0.142784      -2.59306e-09 
          371.865           2.30134       -1.1845e-09 
          376.528           2.81827      -6.00344e-11 
          381.459           1.18283      -3.79718e-09 
          385.447           0.57762      -5.28975e-09 
          390.414           2.59166       8.28928e-11 
          395.043           2.63533      -1.49339e-09 
          400.017          0.670084      -1.36275e-10 
          403.985           1.09057       4.04303e-10 
          408.933           2.79206       5.96423e-10 
          413.585           2.36032      -2.83246e-09 
          418.434          0.207303      -4.62596e-10 
          422.596           1.57774      -3.05381e-09 
          427.435           2.89568      -6.90984e-10 
          432.161            2.0066      -3.06274e-10 
          436.683       0.000136897       1.49925e-10 
          441.203            2.0048       1.21826e-11 
           445.93           2.89593      -1.66801e-10 
          450.767           1.57985      -1.68698e-09 
          454.931          0.205572      -4.07554e-10 
          459.779           2.35887      -1.95055e-09 
          464.432           2.79276      -1.15263e-10 
          469.379            1.0929      -6.47814e-09 
          473.347          0.667744      -5.40949e-09 
          478.321           2.63427       4.58275e-10 
           482.95            2.5928      -1.89702e-09 
          487.917          0.579919      -1.35377e-10 
          491.905           1.18053       3.65257e-10 
          496.836           2.81765       9.27367e-10 
          501.499           2.30285      -2.30861e-10 
          506.302          0.144286      -1.64322e-11 
          510.519           1.65872      -4.15014e-11 
          515.336           2.90354      -7.49712e-10 
           520.08           1.93589      -4.04581e-10 
          524.533        0.00708818       4.95993e-10 
          529.121           2.07323         5.627e-09 
          533.831           2.88486      -1.29176e-10 
          538.691           1.49698      -1.52942e-09 
          542.805          0.276448       3.79708e-10 
          547.691           2.41396      -1.82398e-09 
          552.336           2.76421      -1.96296e-10 
          557.296           1.00199      -2.96521e-09 
          561.252          0.759086      -7.18502e-09 
          566.228           2.67391       1.30154e-09 
          570.859           2.54738      -2.17023e-09 
          575.813          0.491792      -8.47575e-09 
          579.826           1.26928      -3.12974e-10 
           584.74           2.84018       1.23829e-09 
          589.414           2.24299      -1.56584e-09 
          594.165         0.0909155      -5.85337e-10 
          598.442           1.73764      -7.19213e-10 
          603.238           2.90803      -7.87004e-10 
          608.001           1.86285      -4.21201e-09 
          612.385         0.0280489      -2.99207e-10 
          617.038            2.1393       -1.8677e-10 
          621.734           2.87057      -9.27977e-11 
          626.614           1.41229      -7.48058e-09 
          630.685          0.353854       4.22817e-10 
          635.603           2.46654      -3.68826e-09 
          640.241            2.7326      -3.04295e-10 
           645.21          0.910397      -4.86214e-09 
           649.16          0.850957       2.32432e-10 
          654.134           2.71053       2.64452e-09 
          658.769           2.49916      -2.16851e-09 
          663.702          0.406712      -4.76383e-11 
          667.749           1.35662      -2.65203e-09 
          672.643           2.85964       1.46826e-09 
          677.329           2.18078      -3.17582e-11 
          682.023         0.0487295      -2.79842e-09 
          686.364            1.8144      -2.73573e-09 
          691.139           2.90914      -7.96089e-10 
          695.922           1.78754      -4.41348e-11 
           700.24         0.0622618      -1.34726e-10 
          704.954           2.20302      -7.16417e-10 
          709.636           2.85312       -6.0301e-11 
          714.537           1.32594      -8.15091e-10 
          718.571          0.436345        3.8981e-10 
          723.513            2.5165       1.60241e-10 
          728.146           2.69795      -4.32787e-10 
          733.121          0.818485      -2.68015e-10 
          737.073          0.942807       3.92694e-10 
          742.039           2.74411       4.38847e-09 
          746.679           2.44826      -1.75524e-09 
          751.586          0.325862      -5.47289e-09 
          755.672            1.4424      -7.24855e-09 
          760.545           2.87598       1.57109e-09 
          765.246           2.11623       -1.2173e-10 
          769.876          0.019083      -3.50909e-09 
          774.285           1.88891      -4.24227e-09 
          779.041           2.90683      -7.78332e-10 
          783.844              1.71      -4.74278e-10 
          788.099          0.108566      -2.61642e-10 
           792.87            2.2644      -1.61701e-09 
          797.539           2.83258      -3.31187e-11 
          802.459           1.23808      -3.42823e-09 
          806.463          0.522627       2.94522e-10 
          811.422           2.56374        1.0469e-09 
          816.052           2.66025      -5.66196e-10 
          821.029           0.72673      -7.96069e-10 
          824.988            1.0342       4.36099e-10 
          829.944           2.77464       6.35513e-09 
          834.591           2.39479      -8.67653e-10 
          839.464           0.25059      -3.48899e-09 
          843.595           1.52646      -4.01004e-09 
          848.447           2.88914       1.52694e-09 
          853.163           2.04933      -2.56198e-10 
          857.727        0.00300813        -5.654e-11 
          862.204           1.96113       6.09733e-11 
          866.942           2.90114      -7.35435e-10 
          871.767           1.63034      -1.41486e-09 
          875.964          0.165525      -3.37732e-09 
          880.784           2.32342      -2.27641e-09 
          885.443           2.80896       -1.2816e-11 
           890.38           1.14888      -5.72545e-09 
           894.36           0.61158       2.58713e-10 
           899.33           2.60815       3.18029e-09 
          903.959           2.61956      -6.71631e-10 
          908.931          0.635733      -1.12448e-09 
          912.906           1.12479       7.50857e-10 
          917.848           2.80212       8.33397e-09 
          922.504           2.33882      -4.41503e-11 
          927.336          0.182389      -4.61735e-10 
          931.519           1.60866      -3.98877e-11 
          936.349           2.89905       1.34827e-09 
          941.082           1.98008      -3.07074e-10 
          945.577        0.00109444       9.07061e-10 
          950.123           2.03101       8.64277e-09 
          954.844           2.89212      -6.74884e-10 
           959.69           1.54866      -1.38612e-09 
          963.834          0.231565      -6.84824e-10 
          968.697           2.38004      -9.38428e-10 
          973.347            2.7823      -2.05835e-12 
          978.299           1.05855      -7.80981e-10 
          982.262          0.702255       2.88144e-10 
          987.237           2.64964       6.71302e-09 
          991.867           2.57592      -7.07408e-10 
           996.83          0.546233       -8.8441e-10 
          1000.83           1.21431      -3.55784e-10 
          1005.75           2.82655       -4.2305e-11 
          1010.42           2.28044      -2.83677e-09 
           1015.2          0.122841      -1.37609e-11 
          1019.44           1.68887      -7.72196e-10 
          1024.25           2.90564       1.07629e-09 
             1029           1.90848      -5.39064e-12 
          1033.43         0.0134136       7.60553e-10 
          1038.04           2.09854      -2.85015e-10 
          1042.75           2.87982      -6.01961e-10 
          1047.61           1.46509      -5.69642e-09 
          1051.71          0.305094        3.2136e-09 
          1056.61           2.43419       8.78117e-11 
          1061.25           2.75259      -1.56397e-12 
          1066.22          0.967346      -6.56311e-11 
          1070.17          0.793871       3.82948e-10 
          1075.14           2.68815      -4.79971e-11 
          1079.78           2.52943      -6.29993e-10 
          1084.72          0.459132      -3.14032e-10 
          1088.75           1.30255      -2.81779e-09 
          1093.65           2.84792      -5.04602e-11 
          1098.33            2.2197      -3.68233e-11 
          1103.06          0.073534      -3.63187e-10 
          1107.36           1.76699      -3.00282e-09 
          1112.15           2.90885       7.64588e-10 
          1116.92           1.83458      -4.10436e-11 
          1121.28         0.0395098      -5.16593e-10 
          1125.96           2.16372      -1.00362e-09 
          1130.65           2.86433      -5.21404e-10 
          1135.54           1.37976      -6.80757e-10 
          1139.59          0.384589        3.6204e-10 
          1144.52           2.48579       1.17549e-09 
          1149.16           2.71983      -9.88049e-12 
          1154.13          0.875581      -7.01193e-10 
          1158.08          0.885792       5.09685e-10 
          1163.05           2.72362      -7.97046e-11 
          1167.69           2.48018      -4.13713e-10 
          1172.61          0.375507      -4.11506e-09 
          1176.67           1.38932      -7.71945e-09 
          1181.56           2.86621      -5.59865e-11 
          1186.25            2.1566      -1.13337e-10 
          1190.92          0.035955      -1.16416e-09 
          1195.29            1.8429      -4.52238e-09 
          1200.05           2.90866       4.64215e-10 
          1204.84           1.75841      -4.03717e-10 
          1209.14          0.078459      -1.60895e-10 
          1213.87           2.22656      -2.06363e-09 
          1218.55            2.8457       -4.3862e-10 
          1223.46           1.29282      -3.01668e-09 
          1227.48           0.46866       5.54257e-10 
          1232.43           2.53473       4.52493e-09 
          1237.06           2.68402      -2.69816e-11 
          1242.04          0.783666      -2.00511e-09 
          1245.99          0.977514       4.20945e-10 
          1250.95           2.75604      -1.16211e-10 
           1255.6            2.4283      -8.49492e-11 
          1260.49          0.296603      -3.47054e-09 
          1264.59           1.47447      -5.05403e-09 
          1269.46           2.88135      -5.70285e-11 
          1274.17           2.09115      -2.08601e-10 
          1278.77         0.0113517       -1.3357e-09 
          1283.21           1.91655        1.5253e-10 
          1287.95           2.90507       2.14044e-10 
          1292.77           1.68006      -1.18561e-09 
             1297           0.12898      -5.85548e-10 
          1301.79           2.28705      -2.33375e-09 
          1306.45           2.82399      -3.54009e-10 
          1311.38           1.20443      -5.01569e-09 
          1315.37          0.556076       5.27768e-10 
          1320.34           2.58091      -4.32558e-11 
          1324.97           2.64518      -4.45141e-11 
          1329.94          0.692121      -3.19654e-09 
          1333.91           1.06864       1.86336e-09 
          1338.86           2.78541      -1.54823e-10 
          1343.51           2.37387      -4.35705e-10 
          1348.37          0.223829      -3.20257e-09 
          1352.52           1.55784       9.44656e-09 
          1357.36           2.89328      -5.68694e-11 
          1362.08           2.02336      -2.22844e-10 
          1366.62       0.000600881      -9.18041e-09 
          1371.13           1.98789      -4.89756e-11 
          1375.86           2.89811       3.26932e-11 
          1380.69           1.59962      -1.23041e-09 
          1384.87          0.189569      -4.42552e-09 
           1389.7           2.34516      -9.43065e-09 
          1394.36           2.79922      -2.73198e-10 
           1399.3           1.11477      -5.34773e-12 
          1403.27          0.645784       5.24454e-10 
          1408.25           2.62422      -9.63952e-11 
          1412.88           2.60336      -5.33303e-11 
          1417.84          0.601595      -3.43334e-09 
          1421.83           1.15885      -4.38975e-10 
          1426.76           2.81174      -1.89297e-10 
          1431.42           2.31698      -4.35593e-09 
          1436.24          0.158718       -4.1132e-10 
          1440.44            1.6393          -8.1e-10 
          1445.26           2.90194      -5.14612e-11 
             1450           1.95322      -3.03278e-11 
          1454.47        0.00410139       2.68566e-09 
          1459.04           2.05688      -4.05863e-10 
          1463.76           2.88784      -7.77173e-11 
          1468.61           1.51721      -4.20426e-09 
          1472.74          0.258633      -1.18477e-09 
          1477.62           2.40085       6.65599e-10 
          1482.26            2.7714       -1.9772e-10 
          1487.22           1.02408       -1.3821e-10 
          1491.18            0.7369       5.72629e-10 
          1496.15           2.66459      -1.71841e-10 
          1500.78           2.55863      -4.48965e-11 
          1505.74          0.512889      -2.48469e-09 
          1509.75           1.24791       -3.0757e-09 
          1514.67           2.83501      -2.16559e-10 
          1519.34            2.2577      -4.05682e-11 
           1524.1          0.102867      -3.11335e-12 
          1528.36           1.71873      -3.24982e-09 
          1533.16           2.90726      -4.69553e-11 
          1537.92           1.88075       -3.9605e-11 
          1542.32         0.0217223       9.00416e-10 
          1546.96           2.12352      -1.33082e-09 
          1551.66           2.87432      -1.23993e-10 
          1556.54           1.43295      -5.54936e-10 
          1560.62          0.334596       -7.2824e-11 
          1565.53           2.45405         4.209e-09 
          1570.17           2.74053      -1.31813e-10 
          1575.13          0.932617      -1.21847e-09 
          1579.08          0.828699       5.99115e-10 
          1584.06           2.70195      -2.63768e-10 
          1588.69           2.51108       -1.9596e-11 
          1593.63           0.42697      -9.86662e-10 
          1597.67           1.33562      -8.26816e-09 
          1602.57           2.85522      -2.35596e-10 
          1607.25           2.19606       -1.0089e-10 
          1611.96         0.0578392      -2.05132e-10 
          1616.29           1.79602      -4.83431e-09 
          1621.07           2.90918       9.12119e-09 
          1625.84           1.80598      -3.48982e-10 
          1630.18         0.0528201      -7.95977e-10 
          1634.88           2.18781      -2.48367e-09 
          1639.56           2.85763      -1.20034e-10 
          1644.46           1.34699      -2.60199e-09 
           1648.5           0.41598       1.00248e-11 
          1653.44           2.50465      -5.10791e-11 
          1658.07           2.70661      -7.76809e-11 
          1663.05          0.840742       -3.4089e-09 
             1667          0.920598      -7.71967e-09 
          1671.96           2.73626        -3.595e-10 
           1676.6           2.46083       -2.5851e-11 
          1681.52          0.344977      -9.41063e-11 
          1685.59           1.42179      -6.13251e-09 
          1690.47           2.87232      -2.40867e-10 
          1695.17           2.13207      -1.63497e-10 
          1699.81         0.0250478      -3.66518e-10 
          1704.21           1.87108       2.71387e-10 
          1708.97            2.9077       7.83766e-09 
          1713.77           1.72897      -9.94453e-10 
          1718.04         0.0963203      -1.92816e-10 
          1722.79           2.24976      -1.98286e-09 
          1727.47           2.83783      -7.81299e-11 
          1732.38           1.25948      -4.38278e-09 
          1736.39          0.501454       5.08283e-10 
          1741.35           2.55256      -1.36074e-10 
          1745.98           2.66965      -3.85754e-11 
          1750.95          0.748899      -5.67503e-09 
          1754.91           1.01213       4.92547e-09 
          1759.87           2.76753      -4.48218e-10 
          1764.52           2.40796      -1.34777e-09 
           1769.4          0.268223       -1.3128e-09 
          1773.52           1.50628       8.58869e-09 
          1778.37           2.88625      -2.36434e-10 
          1783.09           2.06574      -1.52458e-10 
          1787.67         0.0056147       -2.9797e-10 
          1792.13           1.94386      -7.09907e-11 
          1796.87           2.90283       6.65481e-09 
          1801.69           1.64982       -1.0688e-09 
           1805.9          0.150841       -6.0032e-10 
          1810.71           2.30935       9.76318e-11 
          1815.37           2.81496       6.97017e-09 
           1820.3           1.17059      -5.66458e-11 
          1824.29          0.589853       6.38719e-10 
          1829.26           2.59767        -2.712e-10 
          1833.88           2.62968      -1.28104e-11 
          1838.86          0.657656      -6.88993e-09 
          1842.83           1.10295      -5.92291e-10 
          1847.77           2.79575       -5.1677e-10 
          1852.43           2.35259      -5.84059e-09 
          1857.27          0.198167      -2.76282e-09 
          1861.44           1.58894      -8.32673e-10 
          1866.28           2.89696      -2.22816e-10 
             1871           1.99706      -1.11669e-10 
          1875.52       0.000245722       4.40737e-09 
          1880.05           2.01431      -5.47386e-10 
          1884.77           2.89461       5.63077e-09 
          1889.61           1.56862      -3.05777e-09 
          1893.77           0.21483      -5.80957e-09 
          1898.62           2.36655       2.39181e-09 
          1903.27           2.78903       5.92522e-11 
          1908.22           1.08051      -2.06565e-10 
          1912.19           0.68019       6.39759e-10 
          1917.16           2.63987      -4.43918e-10 
          1921.79           2.58675       2.80514e-09 
          1926.76          0.567717      -6.53047e-09 
          1930.75           1.19275      -3.47626e-09 
          1935.68           2.82092      -5.60991e-10 
          1940.34            2.2948      -4.24519e-11 
          1945.14          0.136377      -3.30448e-10 
          1949.36           1.66964      -3.47447e-09 
          1954.18           2.90435      -2.02053e-10 
          1958.92           1.92603       -4.0266e-11 
          1963.37        0.00914144       5.62872e-09 
          1967.96           2.08241      -1.68824e-09 
          1972.67            2.8831       4.78138e-09 
          1977.53           1.48549      -4.45442e-10 
          1981.64           0.28669      -2.06509e-09 
          1986.53           2.42131      -4.00385e-11 
          1991.18           2.76006       1.25809e-10 
          1996.14          0.989491      -1.67704e-09 
          2000.09          0.771642       4.83369e-10 
          2005.07            2.6791      -6.25339e-10 
           2009.7           2.54094      -4.72839e-09 
          2014.65          0.479944      -4.61515e-09 
          2018.67           1.28132      -8.93897e-09 
          2023.58           2.84303      -5.74291e-10 
          2028.26           2.23462      -8.63683e-11 
             2033         0.0844485      -2.00636e-10 
          2037.29           1.74827      -5.19599e-09 
          2042.08           2.90839      -1.77734e-10 
          2046.84           1.85268       -3.0718e-10 
          2051.22         0.0319708       8.81367e-10 
          2055.88           2.14816      -2.83789e-09 
          2060.57           2.86837       4.08816e-09 
          2065.46           1.40057      -2.21001e-09 
          2069.52          0.364874      -3.09417e-10 
          2074.44           2.47354      -1.40888e-10 
          2079.08           2.72804        1.7175e-10 
          2084.05          0.897827      -4.61585e-09 
             2088           0.86354       5.13481e-11 
          2092.98           2.71531      -7.83972e-10 
          2097.61           2.49235      -4.25931e-10 
          2102.54          0.395369      -1.96808e-09 
          2106.59           1.36846      -7.19542e-09 
          2111.48           2.86207      -5.57072e-10 
          2116.17           2.17209      -1.21571e-10 
          2120.86         0.0439045      -1.02878e-10 
          2125.21           1.82473        3.8677e-10 
          2129.98           2.90902      -1.52478e-10 
          2134.77           1.77706      -8.35142e-10 
          2139.07         0.0679146      -1.13846e-09 
           2143.8           2.21156      -1.10623e-09 
          2148.48           2.85049       3.50999e-09 
          2153.38             1.314      -3.82596e-09 
          2157.41          0.447956       4.38183e-09 
          2162.35           2.52313      -3.27815e-10 
          2166.99           2.69297       1.79405e-10 
          2171.96          0.805906      -7.67301e-09 
          2175.92           0.95535      -6.16908e-11 
          2180.88           2.74847      -8.90387e-10 
          2185.52           2.44109      -2.59913e-09 
          2190.42          0.315198      -2.60564e-10 
          2194.52           1.45401       7.68997e-09 
          2199.39           2.87797      -5.18063e-10 
          2204.09           2.10721      -9.41478e-11 
          2208.71         0.0160632      -7.27156e-11 
          2213.13           1.89893      -9.53478e-11 
          2217.88           2.90625      -1.26705e-10 
          2222.69           1.69923      -9.09193e-10 
          2226.93          0.115766      -2.37492e-10 
          2231.71           2.27262       5.48806e-10 
          2236.38           2.82952       3.00155e-09 
           2241.3           1.22595      -1.06439e-10 
           2245.3          0.534666       1.11436e-10 
          2250.26           2.56999      -5.90731e-10 
          2254.89           2.65486       1.24132e-10 
          2259.87          0.714217      -9.51599e-09 
          2263.83           1.04665      -8.72559e-10 
          2268.78           2.77858      -9.15957e-10 
          2273.43           2.38727      -6.91733e-09 
           2278.3          0.240804      -5.65045e-12 
          2282.44           1.53782      -8.42823e-10 
          2287.29           2.89069      -4.59128e-10 
          2292.01           2.03999      -3.06006e-10 
          2296.56        0.00190262      -1.21673e-11 
          2301.05           1.97083      -7.02851e-10 
          2305.78           2.90011      -1.05999e-10 
          2310.61           1.61928      -2.23809e-09 
           2314.8          0.174062      -2.97549e-11 
          2319.63           2.33131       5.96668e-09 
          2324.28           2.80549       2.50244e-09 
          2329.22           1.13658      -2.51095e-10 
           2333.2          0.623907      -3.93196e-09 
          2338.17           2.61401      -8.81292e-10 
           2342.8           2.61376      -3.84472e-09 
          2347.77          0.623377      -9.92028e-09 
          2351.75           1.13711      -4.09166e-09 
          2356.69           2.80564      -8.53744e-10 
          2361.35           2.33097      -3.88412e-11 
          2366.17          0.173692       -2.2626e-09 
          2370.36           1.61976      -3.67758e-09 
          2375.19           2.90015      -3.91073e-10 
          2379.93           1.97042      -4.22064e-11 
          2384.41        0.00194459      -1.06285e-09 
          2388.97           2.04039      -2.06161e-09 
          2393.68           2.89063      -8.31915e-11 
          2398.53           1.53734       -3.5488e-10 
          2402.67          0.241221      -7.56697e-09 
          2407.54            2.3876      -1.01419e-10 
          2412.19           2.77841       1.95855e-09 
          2417.14           1.04612      -1.98674e-09 
           2421.1          0.714754       1.13547e-10 
          2426.08           2.65509        -1.114e-09 
          2430.71           2.56972      -2.05479e-10 
          2435.67          0.534148      -9.03845e-09 
          2439.67           1.22647      -9.78858e-09 
          2444.59           2.82966      -7.02899e-10 
          2449.26           2.27227      -6.79006e-11 
          2454.04          0.115453      -2.40038e-10 
          2458.29           1.69969      -5.61745e-09 
          2463.09           2.90628      -3.21603e-10 
          2467.84           1.89851       -2.7428e-10 
          2472.26         0.0161875       9.58768e-09 
          2476.88            2.1076       -3.0963e-09 
          2481.59           2.87789      -6.73261e-11 
          2486.46           1.45351      -1.85488e-09 
          2490.55          0.315654      -3.55166e-09 
          2495.45            2.4414      -3.05649e-10 
          2500.09           2.74829       1.30865e-09 
          2505.06          0.954812      -5.39916e-09 
          2509.01          0.806446       3.82148e-09 
          2513.99           2.69318      -1.20202e-09 
          2518.62           2.52285      -1.31313e-09 
          2523.56          0.447456      -6.58409e-09 
          2527.59           1.31452      -8.19182e-09 
           2532.5           2.85061       -4.8486e-10 
          2537.18            2.2112      -8.40075e-11 
           2541.9         0.0676673       -5.4211e-09 
          2546.21           1.77751       4.68026e-10 
          2550.99           2.90903      -2.54605e-10 
          2555.77           1.82429      -7.00092e-10 
          2560.12         0.0441067       7.41332e-10 
           2564.8           2.17246      -1.67225e-09 
          2569.49           2.86196       9.45175e-09 
          2574.38           1.36795      -3.33174e-09 
          2578.43          0.395854      -9.89797e-10 
          2583.36           2.49265      -6.41473e-10 
             2588           2.71511       4.68556e-10 
          2592.97             0.863      -8.66215e-09 
          2596.92          0.898367       -2.1024e-10 
          2601.89           2.72824      -1.07043e-09 
          2606.53           2.47324      -3.74231e-09 
          2611.45          0.364399      -3.00896e-09 
          2615.51           1.40107        6.8976e-09 
           2620.4           2.86847      -2.24451e-10 
          2625.09           2.14778      -8.14184e-09 
          2629.75         0.0317974      -8.33068e-09 
          2634.13           1.85312      -1.21766e-10 
          2638.89           2.90837      -1.91526e-10 
          2643.69           1.74782      -7.56813e-10 
          2647.97         0.0847217      -1.55248e-09 
          2652.72           2.23498         1.676e-09 
          2657.39           2.84291       6.80286e-09 
           2662.3            1.2808      -1.04398e-10 
          2666.32          0.480451      -2.27113e-10 
          2671.27           2.54122      -1.04786e-09 
           2675.9           2.67888      -8.03369e-12 
          2680.88          0.771102      -9.97296e-09 
          2684.83          0.990028      -1.38686e-09 
           2689.8           2.76024      -6.76897e-10 
          2694.44           2.42099      -7.22494e-09 
          2699.33          0.286248      -4.74113e-10 
          2703.44           1.48598      -8.46548e-10 
           2708.3           2.88317       1.22924e-10 
          2713.01           2.08201      -6.92221e-10 
          2717.61        0.00904792      -5.58756e-12 
          2722.05           1.92645      -8.67117e-10 
           2726.8           2.90432      -1.35211e-10 
          2731.61           1.66917      -1.69216e-09 
          2735.83          0.136713      -3.06124e-10 
          2740.63           2.29514      -4.84612e-11 
           2745.3           2.82078       4.02651e-09 
          2750.22           1.19223      -2.64296e-10 
          2754.21           0.56824      -7.25996e-11 
          2759.18           2.58701      -1.37351e-09 
          2763.81           2.63963       -1.9247e-10 
          2768.78          0.679655       -9.6363e-09 
          2772.75           1.08104      -5.03065e-09 
           2777.7           2.78919       5.20895e-10 
          2782.35           2.36622      -3.29858e-11 
           2787.2           0.21443      -2.24449e-10 
          2791.36            1.5691      -3.86034e-09 
           2796.2           2.89467       4.34479e-09 
          2800.93            2.0139      -4.61366e-11 
          2805.46       0.000235545       4.74776e-09 
          2809.97           1.99747      -2.44317e-09 
           2814.7            2.8969       9.98684e-09 
          2819.53           1.58846      -2.83599e-10 
           2823.7          0.198556       1.36913e-11 
          2828.54           2.35293      -2.12689e-10 
           2833.2           2.79559       9.69752e-10 
          2838.14           1.10242      -2.12332e-09 
          2842.11          0.658189      -6.46864e-11 
          2847.09           2.62992      -1.39972e-09 
          2851.72           2.59741       -8.6255e-10 
          2856.69          0.589327      -9.34052e-09 
          2860.67           1.17112       2.36035e-10 
           2865.6            2.8151      -1.58263e-12 
          2870.27           2.30901      -4.83642e-11 
          2875.07          0.150492      -1.76958e-09 
          2879.28           1.65029      -6.09952e-09 
           2884.1           2.90287      -1.41886e-12 
          2888.85           1.94344      -2.48056e-10 
          2893.31        0.00568824      -3.63313e-09 
          2897.89           2.06614      -3.24236e-09 
           2902.6           2.88618       3.50888e-09 
          2907.46           1.50578      -1.54589e-09 
          2911.58          0.268656      -9.61639e-09 
          2916.46           2.40828      -5.63631e-10 
           2921.1           2.76736      -2.72551e-12 
          2926.06            1.0116      -5.72312e-09 
          2930.02          0.749438      -1.66776e-10 
          2934.99           2.66988      -9.15514e-10 
          2939.63           2.55229      -2.23141e-09 
          2944.58          0.500942      -9.31742e-09 
          2948.59              1.26      -9.05098e-09 
          2953.51           2.83796      -1.56899e-11 
          2958.18            2.2494      -5.09943e-11 
          2962.94         0.0960311      -1.56865e-10 
          2967.21           1.72943       4.92724e-10 
          2972.01           2.90772      -1.51237e-12 
          2976.77           1.87065       -5.8675e-10 
          2981.16         0.0252023      -1.03106e-10 
           2985.8           2.13246        2.7348e-11 
           2990.5           2.87223      -1.87522e-09 
          2995.38           1.42129      -2.88993e-09 
          2999.45          0.345445      -5.91182e-09 
          3004.37           2.46113       -1.0724e-09 
          3009.01           2.73607      -5.85592e-11 
          3013.98          0.920059       -8.6077e-09 
          3017.93          0.841282      -6.47241e-10 
           3022.9           2.70682       9.42192e-10 
          3027.54           2.50436      -4.26169e-09 
          3032.47          0.415489      -7.67657e-09 
          3036.51            1.3475       6.34534e-09 
          3041.41           2.85774       -3.8635e-11 
           3046.1           2.18744       -3.5871e-09 
          3050.79            0.0526      -7.44541e-09 
          3055.13           1.80642      -1.44804e-10 
          3059.91           2.90918      -8.28504e-15 
          3064.69           1.79557      -6.16139e-10 
          3069.01         0.0580692       5.52859e-10 
          3073.72           2.19643        3.7656e-09 
           3078.4           2.85511      -3.03643e-12 
           3083.3            1.3351      -6.44727e-11 
          3087.34          0.427464      -2.57285e-09 
          3092.28           2.51137      -1.53926e-09 
          3096.91           2.70174      -2.57037e-10 
          3101.89          0.828159      -7.98215e-09 
          3105.84          0.933156      -2.32721e-09 
          3110.81           2.74072      -1.25355e-11 
          3115.45           2.45374      -6.55059e-09 
          3120.36          0.334132      -3.84366e-09 
          3124.44           1.43345      -8.49673e-10 
          3129.31           2.87441      -6.56017e-11 
          3134.01           2.12313       -1.3486e-09 
          3138.65         0.0215786      -3.95487e-09 
          3143.05           1.88118      -1.03278e-09 
          3147.81           2.90724       3.55951e-13 
          3152.61           1.71827      -1.35757e-09 
          3156.87          0.103165      -2.05518e-09 
          3161.64           2.25806      -9.99537e-11 
          3166.31           2.83488      -1.20642e-11 
          3171.22           1.24739      -2.50935e-10 
          3175.23          0.513403       -1.1756e-09 
          3180.19            2.5589      -1.58047e-09 
          3184.82           2.66436      -7.01962e-10 
           3189.8          0.736362       -4.1436e-09 
          3193.75           1.02461      -6.44538e-09 
          3198.71           2.77157      -5.52858e-11 
          3203.36           2.40053      -8.32964e-09 
          3208.23          0.258205      -6.72403e-10 
          3212.36            1.5177      -4.03158e-09 
          3217.21           2.88791      -8.87243e-11 
          3221.93           2.05648      -5.04011e-11 
           3226.5        0.00403921      -2.39113e-11 
          3230.97           1.95364      -2.82031e-09 
          3235.71            2.9019       -1.3196e-09 
          3240.53           1.63882      -2.27981e-10 
          3244.74          0.159075      -4.16856e-10 
          3249.55           2.31732      -3.82598e-10 
          3254.21           2.81159      -4.73877e-11 
          3259.15           1.15833       -2.1046e-09 
          3263.13          0.602122      -7.90541e-10 
           3268.1           2.60362      -6.96103e-10 
          3272.73           2.62398       -1.4714e-09 
           3277.7          0.645253      -1.03568e-09 
          3281.67            1.1153       2.80145e-10 
          3286.61           2.79937      -1.30321e-10 
          3291.27           2.34483      -8.59335e-09 
          3296.11          0.189187      -6.75664e-10 
          3300.28            1.6001      -6.63745e-09 
          3305.12           2.89816      -1.06552e-10 
          3309.85           1.98747      -2.24603e-10 
          3314.35       0.000622556       9.72817e-11 
          3318.89           2.02377      -3.27701e-09 
          3323.61           2.89322      -1.49786e-12 
          3328.46           1.55735      -1.28369e-09 
           3332.6          0.224235        2.1187e-10 
          3337.46           2.37419      -9.18917e-10 
          3342.11           2.78525      -1.26297e-10 
          3347.06           1.06811      -5.66868e-09 
          3351.03          0.692656       -9.4489e-10 
             3356           2.64542        9.9258e-09 
          3360.63           2.58065      -2.56657e-09 
           3365.6          0.555555      -2.19758e-09 
          3369.59           1.20495      -9.65348e-09 
          3374.52           2.82412      -2.23574e-10 
          3379.18            2.2867      -6.29875e-09 
          3383.97          0.128652      -1.32423e-09 
          3388.21           1.68053       4.54519e-10 
          3393.02            2.9051       -1.1378e-10 
          3397.77           1.91613      -4.88987e-10 
           3402.2         0.0114564       -2.1025e-10 
          3406.81           2.09155       1.68174e-10 
          3411.51           2.88127      -5.70453e-12 
          3416.38           1.47397      -2.49073e-09 
          3420.48           0.29705       3.18571e-10 
          3425.38           2.42861      -1.55972e-09 
          3430.02           2.75586      -2.81324e-10 
          3434.98          0.976977      -7.80939e-09 
          3438.93          0.784205      -1.78159e-09 
          3443.91           2.68424      -3.07864e-11 
          3448.54           2.53445      -3.84276e-09 
          3453.49          0.468155      -6.09705e-09 
          3457.51           1.29333       6.17087e-09 
          3462.42           2.84582       -3.2313e-10 
           3467.1            2.2262      -5.37156e-10 
          3471.83         0.0781951      -9.14837e-11 
          3476.13           1.75887      -1.65157e-10 
          3480.92           2.90867      -1.11128e-10 
          3485.69           1.84246       -4.8706e-10 
          3490.05          0.036139      -1.48449e-10 
          3494.72           2.15697       7.00264e-09 
          3499.42           2.86611      -1.53421e-11 
           3504.3           1.38882      -2.33923e-11 
          3508.36          0.375985      -9.32442e-09 
          3513.29           2.48048      -1.82306e-09 
          3517.92           2.72342      -5.41374e-10 
          3522.89          0.885253      -4.21438e-09 
          3526.84          0.876121      -4.01523e-09 
          3531.82           2.72003       -7.1368e-11 
          3536.45           2.48549      -4.98617e-09 
          3541.38          0.384108      -7.44578e-09 
          3545.44           1.38027      -8.60814e-10 
          3550.32           2.86443      -4.16261e-10 
          3555.01           2.16335      -2.32994e-09 
          3559.69         0.0393179      -6.85021e-09 
          3564.05           1.83502      -1.19343e-09 
          3568.82           2.90884      -9.67551e-11 
          3573.61           1.76653      -1.18807e-09 
          3577.91         0.0737908       3.81203e-10 
          3582.64           2.22006       -1.8155e-10 
          3587.32           2.84781       -3.6315e-11 
          3592.22           1.30204      -2.19795e-10 
          3596.25          0.459635      -5.64647e-09 
           3601.2           2.52971      -8.59071e-10 
          3605.83           2.68793      -9.32184e-10 
           3610.8          0.793331       -5.9775e-10 
          3614.76          0.967884      -8.53241e-09 
          3619.72           2.75277      -9.18836e-11 
          3624.36           2.43388      -5.53476e-09 
          3629.26          0.304643      -4.29925e-09 
          3633.36           1.46559      -4.20207e-09 
          3638.23           2.87991      -5.03136e-10 
          3642.93           2.09815      -5.52475e-11 
          3647.54         0.0133003      -1.52887e-09 
          3651.97           1.90891      -3.19225e-09 
          3656.72           2.90561      -8.11934e-11 
          3661.53           1.68841      -1.88067e-10 
          3665.77          0.123162      -2.67602e-09 
          3670.55           2.28079      -6.19875e-10 
          3675.22           2.82642      -7.48999e-11 
          3680.15           1.21379      -1.97269e-09 
          3684.14          0.546752      -3.77904e-09 
          3689.11           2.57618       1.19282e-10 
          3693.74           2.64941      -1.44901e-09 
          3698.71          0.701719      -6.46613e-09 
          3702.67           1.05909       3.40033e-10 
          3707.63           2.78246      -7.67479e-11 
          3712.28           2.37971      -4.97836e-09 
          3717.14          0.231154      -8.02808e-10 
          3721.28           1.54915       -7.2241e-09 
          3726.13           2.89218      -5.66818e-10 
          3730.85           2.03061      -2.04315e-10 
          3735.39        0.00106393      -4.69279e-09 
          3739.89           1.98049      -3.22433e-09 
          3744.62             2.899      -6.04125e-11 
          3749.45           1.60818      -1.06574e-09 
          3753.64          0.182766      -5.98843e-10 
          3758.47           2.33916      -1.34805e-09 
          3763.12           2.80197      -1.42141e-10 
          3768.07           1.12426      -5.35776e-09 
          3772.04          0.636264      -3.41589e-09 
          3777.01            2.6198       3.67888e-11 
          3781.64            2.6079      -2.04688e-09 
          3786.61          0.611051      -9.57734e-09 
          3790.59           1.14941      -9.76103e-09 
          3795.53           2.80911      -2.76479e-11 
          3800.19           2.32308       -2.8843e-09 
          3805.01          0.165162      -1.03537e-09 
          3809.21           1.63082        3.6607e-10 
          3814.03           2.90119      -6.12077e-10 
          3818.77           1.96071      -4.04008e-10 
          3823.24        0.00306154       4.45116e-10 
          3827.81           2.04973        4.9223e-10 
          3832.53           2.88908      -4.14244e-11 
          3837.38           1.52597      -2.13288e-09 
          3841.51          0.251013         1.298e-09 
          3846.38           2.39511       -1.9806e-09 
          3851.03           2.77447      -2.42567e-10 
          3855.98           1.03366       -6.6668e-09 
          3859.94          0.727268      -4.33981e-09 
          3864.92           2.66048       2.42741e-10 
          3869.55           2.56347      -2.61431e-09 
          3874.51          0.522111      -4.05434e-09 
          3878.51            1.2386       6.55444e-09 
          3883.43            2.8327        3.8491e-11 
           3888.1           2.26405       -2.5306e-11 
          3892.87          0.108261      -9.44642e-10 
          3897.13           1.71047      -1.78492e-10 
          3901.93           2.90686      -6.28442e-10 
          3906.69           1.88848      -3.73445e-10 
           3911.1         0.0192183       6.80864e-09 
          3915.73           2.11662      -4.53556e-11 
          3920.43            2.8759      -2.41376e-11 
           3925.3            1.4419      -2.42082e-12 
          3929.39          0.326322        3.7766e-10 
          3934.29           2.44857      -1.51038e-09 
          3938.93           2.74392      -3.86455e-10 
           3943.9          0.942268      -9.12618e-10 
          3947.85          0.819025      -6.91065e-09 
          3952.83           2.69816       7.25507e-10 
          3957.46           2.51622      -2.97387e-09 
           3962.4          0.435848      -7.04998e-12 
          3966.44           1.32646      -8.90562e-10 
          3971.34           2.85324       8.83731e-11 
          3976.02           2.20266      -3.63484e-09 
          3980.73         0.0620242      -9.43278e-09 
          3985.05           1.78799      -1.34194e-09 
          3989.83           2.90914      -6.21301e-10 
          3994.61           1.81395       -1.1521e-09 
          3998.95         0.0489419      -1.98279e-10 
          4003.64           2.18116      -2.96054e-10 
          4008.33           2.85954      -9.80271e-12 
          4013.22           1.35612       -1.8076e-10 
          4017.27          0.407201       3.46654e-10 
           4022.2           2.49945      -7.28593e-09 
          4026.84           2.71033      -5.74862e-10 
          4031.81          0.850417       -9.0655e-09 
          4035.76          0.910937       2.49746e-10 
          4040.73            2.7328       1.50448e-09 
          4045.37           2.46624      -2.90553e-09 
          4050.29          0.353383      -5.85266e-09 
          4054.36            1.4128      -4.39089e-09 
          4059.24           2.87067       9.90375e-11 
          4063.93           2.13892       -5.9839e-11 
          4068.59         0.0278862      -4.83936e-09 
          4072.97           1.86329      -3.55567e-09 
          4077.73           2.90802      -5.90518e-10 
          4082.53           1.73718      -1.57465e-10 
          4086.81         0.0911977        2.6132e-10 
          4091.56           2.24335      -9.22466e-10 
          4096.23           2.84006       1.43346e-12 
          4101.15           1.26876      -1.77084e-09 
          4105.16          0.492302       2.34949e-10 
          4110.11           2.54765       1.52248e-10 
          4114.74           2.67369      -7.92623e-10 
          4119.72          0.758547       -2.7529e-10 
          4123.68           1.00253       4.16898e-10 
          4128.64           2.76438       2.52291e-09 
          4133.28           2.41365      -2.21844e-09 
          4138.17          0.276011      -4.33572e-09 
          4142.28           1.49747      -7.84959e-09 
          4147.14           2.88494       5.65388e-11 
          4151.85           2.07283      -1.83014e-10 
          4156.44        0.00700593      -4.27528e-10 
          4160.89           1.93631      -3.12019e-09 
          4165.64            2.9035      -5.40268e-10 
          4170.45           1.65825      -8.89048e-10 
          4174.67           0.14463      -3.45606e-09 
          4179.47           2.30319      -1.81102e-09 
          4184.14           2.81751      -1.46719e-12 
          4189.07              1.18      -4.90087e-09 
          4193.06          0.580443      -8.91228e-09 
          4198.02           2.59305       8.61705e-10 
          4202.65           2.63403      -1.00726e-09 
          4207.63           0.66721      -5.60374e-10 
          4211.59           1.09343      -8.88781e-09 
          4216.54           2.79292       3.66053e-09 
          4221.19           2.35854      -8.22156e-10 
          4226.04          0.205178      -8.41879e-10 
          4230.21           1.58033       2.54976e-10 
          4235.04           2.89598       -4.8894e-11 
          4239.77            2.0044      -3.28989e-10 
          4244.29       0.000138223       1.98036e-10 
          4248.81             2.007       1.03467e-09 
          4253.54           2.89563      -4.81699e-10 
          4258.38           1.57726      -1.81368e-09 
          4262.54          0.207698      -9.04466e-10 
          4267.39           2.36065      -2.16119e-09 
          4272.04           2.79191      -1.61307e-11 
          4276.99           1.09004      -5.50833e-09 
          4280.96          0.670618      -9.18348e-09 
          4285.93           2.63557       2.47147e-09 
          4290.56            2.5914      -1.16401e-09 
          4295.53          0.577096       -5.4132e-10 
          4299.51           1.18336       7.81272e-09 
          4304.44           2.81841       4.78534e-09 
          4309.11           2.30099      -3.03194e-10 
          4313.91          0.142443       -1.0978e-09 
          4318.13           1.66124      -1.87367e-10 
          4322.94           2.90373      -1.90856e-10 
          4327.69           1.93361      -2.73147e-10 
          4332.14        0.00753925       9.93498e-10 
          4336.73           2.07535      -7.55155e-11 
          4341.44           2.88446      -4.19211e-10 
           4346.3           1.49432      -1.05655e-09 
          4350.41          0.278804       5.13462e-09 
           4355.3           2.41566       5.10246e-09 
          4359.94           2.76325      -4.06638e-11 
           4364.9          0.999106      -4.35616e-10 
          4368.86          0.761986       2.49829e-10 
          4373.84           2.67511       5.06045e-09 
          4378.47           2.54589       -1.1886e-09 
          4383.42           0.48905      -2.25731e-10 
          4387.44           1.27206      -9.53387e-10 
          4392.35           2.84085       5.75404e-09 
          4397.02           2.24106      -5.18087e-09 
          4401.77         0.0894025      -6.36392e-10 
          4406.05            1.7401      -1.47362e-09 
          4410.85           2.90812      -3.42284e-10 
          4415.61           1.86051      -1.23887e-09 
          4419.99         0.0289331      -2.55051e-10 
          4424.65           2.14135      -4.48934e-10 
          4429.34           2.87007          -3.5e-10 
          4434.22           1.40959       -1.4311e-10 
          4438.29          0.356392      -9.60808e-09 
          4443.21           2.46816       1.39063e-10 
          4447.85           2.73155      -7.63142e-11 
          4452.82          0.907493      -1.59043e-10 
          4456.77          0.853865       3.76129e-10 
          4461.74           2.71164       8.43811e-09 
          4466.38           2.49759      -1.01484e-09 
          4471.31          0.404084      -4.00083e-09 
          4475.36           1.35936      -4.62428e-09 
          4480.25           2.86021       6.44505e-09 
          4484.94           2.17878      -6.09499e-11 
          4489.63         0.0475937      -5.11956e-09 
          4493.97           1.81679      -3.91017e-09 
          4498.75           2.90912      -4.79052e-10 
          4503.53           1.78512      -1.36221e-10 
          4507.85         0.0635479      -2.51422e-10 
          4512.56             2.205      -1.27891e-09 
          4517.24           2.85252      -2.88004e-10 
          4522.15           1.32319      -1.53892e-09 
          4526.18          0.439021       5.05974e-10 
          4531.12           2.51804       1.24806e-09 
          4535.75            2.6968      -1.26724e-10 
          4540.73          0.815578      -8.79945e-10 
          4544.68          0.945706         5.014e-10 
          4549.65           2.74513      -5.15744e-11 
          4554.29           2.44661      -6.07445e-10 
          4559.19          0.323388      -3.24343e-09 
          4563.28           1.44509      -8.51581e-09 
          4568.15           2.87645       6.78225e-09 
          4572.85           2.11415      -1.60979e-10 
          4577.48         0.0183625      -2.62378e-09 
          4581.89           1.89123      -3.01752e-09 
          4586.65            2.9067      -5.81564e-10 
          4591.45           1.70752      -7.43896e-10 
          4595.71          0.110212       2.00603e-10 
          4600.48           2.26631      -2.24347e-09 
          4605.15           2.83188      -2.22634e-10 
          4610.07           1.23528      -4.37795e-09 
          4614.07          0.525404       4.45568e-10 
          4619.03           2.56519       4.24002e-09 
          4623.66           2.65901      -1.72853e-10 
          4628.64          0.723838      -1.88359e-09 
           4632.6           1.03708      -6.05141e-09 
          4637.55           2.77556      -7.48052e-11 
           4642.2           2.39305      -5.75144e-09 
          4647.07          0.248317      -4.02202e-09 
           4651.2           1.52909       1.48029e-10 
          4656.06           2.88951       6.73334e-09 
          4660.77           2.04717      -2.59283e-10 
          4665.33        0.00272903      -6.26929e-11 
          4669.81           1.96338       1.77304e-09 
          4674.55           2.90091      -6.33414e-10 
          4679.38           1.62779      -1.53386e-09 
